0_project Date: Wed Jan 18 13:59:23 2017
[350, 361]
[349, 369]
[346, 377]
[342, 385]
[338, 393]
[333, 401]
[327, 409]
[320, 417]
[313, 425]
[303, 433]
[293, 441]
[282, 449]
[269, 457]
[254, 465]
[238, 473]
[221, 481]
[203, 489]
[184, 497]
[164, 505]
[146, 513]
[129, 521]
[113, 529]
[99, 537]
[86, 545]
[74, 553]
[64, 561]
[54, 569]
[45, 577]
[37, 585]
[31, 593]
[25, 601]
[19, 609]
[15, 617]
[11, 625]
[8, 633]
[7, 705]
[9, 713]
[11, 721]
[12, 729]
[17, 737]
[22, 745]
[26, 753]
[32, 761]
[39, 769]
1 Date: Wed Jan 18 13:59:24 2017
[372, 191]
[369, 199]
[365, 207]
[360, 215]
[353, 223]
[346, 231]
[338, 239]
[328, 247]
[318, 255]
[306, 263]
[293, 271]
[279, 279]
[265, 287]
[249, 295]
[234, 303]
[219, 311]
[205, 319]
[192, 327]
[179, 335]
[168, 343]
[157, 351]
[148, 359]
[139, 367]
[131, 375]
[124, 383]
[118, 391]
[113, 399]
[109, 407]
[105, 415]
[102, 423]
[100, 431]
[99, 439]
[98, 447]
[98, 456]
[99, 463]
[100, 472]
[102, 479]
[105, 487]
[109, 495]
[114, 503]
[119, 511]
[125, 519]
[133, 527]
[142, 535]
[152, 543]
[162, 551]
[174, 559]
[188, 567]
[202, 575]
[216, 583]
[230, 591]
[244, 599]
[258, 607]
[271, 615]
2 Date: Wed Jan 18 13:59:24 2017
[373, 199]
[369, 207]
[364, 215]
[357, 223]
[350, 231]
[342, 239]
[332, 247]
[321, 255]
[309, 263]
[296, 271]
[282, 279]
[266, 287]
[251, 295]
[236, 303]
[221, 311]
[207, 319]
[193, 327]
[181, 335]
[169, 343]
[159, 351]
[149, 359]
[141, 367]
[133, 375]
[126, 383]
[120, 391]
[115, 399]
[110, 407]
[106, 415]
[103, 423]
[100, 431]
[99, 439]
[97, 448]
[97, 455]
[98, 463]
[99, 471]
[101, 479]
[102, 487]
[106, 495]
[110, 503]
[114, 511]
[120, 519]
[127, 527]
[134, 535]
[143, 543]
[153, 551]
[164, 559]
[176, 567]
[189, 575]
[203, 583]
[216, 591]
[230, 599]
[244, 607]
[258, 615]
[271, 623]
3 Date: Wed Jan 18 13:59:24 2017
[385, 193]
[381, 201]
[377, 209]
[372, 217]
[365, 225]
[357, 233]
[348, 241]
[338, 249]
[327, 257]
[314, 265]
[300, 273]
[286, 281]
[270, 289]
[254, 297]
[239, 305]
[223, 313]
[208, 321]
[195, 329]
[183, 337]
[171, 345]
[161, 353]
[151, 361]
[143, 369]
[136, 377]
[129, 385]
[123, 393]
[118, 401]
[114, 409]
[111, 417]
[108, 425]
[106, 433]
[105, 441]
[105, 449]
[105, 457]
[106, 465]
[108, 474]
[110, 481]
[113, 489]
[117, 497]
[122, 505]
[128, 513]
[134, 521]
[142, 529]
[151, 537]
[161, 545]
[172, 553]
[185, 561]
[198, 569]
[211, 577]
[224, 585]
[238, 593]
[251, 601]
[264, 609]
[276, 617]
4 Date: Wed Jan 18 13:59:24 2017
[389, 200]
[386, 209]
[380, 218]
[372, 227]
[364, 236]
[354, 245]
[343, 254]
[329, 263]
[315, 272]
[299, 281]
[281, 290]
[264, 299]
[246, 308]
[228, 317]
[212, 326]
[197, 335]
[184, 344]
[172, 353]
[161, 362]
[151, 371]
[142, 380]
[135, 389]
[129, 398]
[123, 407]
[119, 416]
[115, 426]
[113, 434]
[111, 443]
[110, 452]
[111, 461]
[111, 470]
[113, 480]
[116, 488]
[120, 497]
[125, 506]
[130, 515]
[137, 524]
[145, 533]
[155, 542]
[165, 551]
[177, 560]
[190, 569]
[204, 578]
[218, 587]
[233, 596]
[247, 605]
[261, 614]
[275, 623]
5 Date: Wed Jan 18 13:59:25 2017
[397, 201]
[394, 210]
[388, 219]
[381, 228]
[373, 237]
[363, 246]
[353, 255]
[341, 264]
[326, 273]
[311, 282]
[294, 291]
[277, 300]
[259, 309]
[242, 318]
[225, 327]
[209, 336]
[196, 345]
[183, 354]
[171, 363]
[161, 372]
[152, 381]
[144, 390]
[137, 399]
[131, 408]
[126, 417]
[123, 426]
[119, 435]
[117, 445]
[116, 453]
[116, 462]
[117, 471]
[118, 480]
[120, 489]
[123, 498]
[127, 507]
[132, 516]
[137, 525]
[145, 534]
[153, 543]
[163, 552]
[173, 561]
[185, 570]
[198, 579]
[212, 588]
[225, 597]
[238, 606]
[252, 615]
[265, 624]
6 Date: Wed Jan 18 13:59:25 2017
[387, 207]
[383, 216]
[378, 225]
[371, 234]
[364, 243]
[356, 252]
[346, 261]
[335, 270]
[322, 279]
[308, 288]
[292, 297]
[275, 306]
[258, 315]
[241, 324]
[225, 333]
[210, 342]
[196, 351]
[183, 360]
[171, 369]
[161, 378]
[151, 387]
[143, 396]
[136, 405]
[130, 414]
[125, 423]
[120, 432]
[117, 442]
[115, 450]
[114, 459]
[113, 468]
[114, 477]
[115, 486]
[118, 495]
[121, 504]
[125, 513]
[130, 522]
[136, 531]
[144, 540]
[152, 549]
[162, 558]
[172, 567]
[185, 576]
[197, 585]
[211, 594]
[224, 603]
[238, 612]
[251, 621]
[264, 630]
7 Date: Wed Jan 18 13:59:25 2017
[393, 209]
[389, 218]
[384, 227]
[378, 236]
[371, 245]
[363, 254]
[354, 263]
[343, 272]
[330, 281]
[317, 290]
[301, 299]
[285, 308]
[268, 317]
[252, 326]
[235, 335]
[219, 344]
[205, 353]
[192, 362]
[180, 371]
[169, 380]
[159, 389]
[151, 398]
[144, 407]
[137, 416]
[132, 425]
[127, 434]
[124, 443]
[121, 452]
[119, 462]
[119, 470]
[119, 479]
[119, 488]
[121, 497]
[124, 506]
[128, 515]
[132, 524]
[137, 533]
[144, 542]
[151, 551]
[160, 560]
[170, 569]
[180, 578]
[192, 587]
[205, 596]
[217, 605]
[230, 614]
[243, 623]
[256, 632]
[268, 641]
8 Date: Wed Jan 18 13:59:25 2017
[379, 216]
[375, 225]
[369, 234]
[363, 243]
[355, 252]
[347, 261]
[337, 270]
[326, 279]
[312, 288]
[298, 297]
[283, 306]
[266, 315]
[250, 324]
[233, 333]
[218, 342]
[202, 351]
[188, 360]
[176, 369]
[165, 378]
[154, 387]
[145, 396]
[137, 405]
[130, 414]
[124, 423]
[119, 432]
[115, 441]
[112, 450]
[110, 459]
[109, 468]
[109, 478]
[110, 486]
[111, 495]
[115, 504]
[118, 513]
[123, 522]
[128, 531]
[134, 540]
[142, 549]
[151, 558]
[161, 567]
[172, 576]
[185, 585]
[198, 594]
[211, 603]
[224, 612]
[237, 621]
[250, 630]
9 Date: Wed Jan 18 13:59:25 2017
[385, 210]
[382, 219]
[377, 228]
[371, 237]
[364, 246]
[356, 255]
[347, 264]
[337, 273]
[325, 282]
[312, 291]
[297, 300]
[281, 309]
[264, 318]
[247, 327]
[231, 336]
[215, 345]
[200, 354]
[186, 363]
[174, 372]
[163, 381]
[153, 390]
[144, 399]
[136, 408]
[129, 417]
[123, 426]
[118, 435]
[114, 444]
[111, 453]
[109, 462]
[108, 471]
[108, 480]
[109, 489]
[110, 498]
[112, 507]
[115, 516]
[120, 525]
[124, 534]
[130, 543]
[138, 552]
[146, 561]
[155, 570]
[166, 579]
[177, 588]
[190, 597]
[202, 606]
[215, 615]
[228, 624]
[241, 633]
[253, 642]
10 Date: Wed Jan 18 13:59:25 2017
[389, 208]
[386, 217]
[380, 226]
[374, 235]
[367, 244]
[359, 253]
[349, 262]
[338, 271]
[326, 280]
[312, 289]
[296, 298]
[279, 307]
[262, 316]
[244, 325]
[228, 334]
[211, 343]
[196, 352]
[182, 361]
[169, 370]
[158, 379]
[148, 388]
[139, 397]
[131, 406]
[124, 415]
[118, 424]
[113, 433]
[109, 442]
[106, 451]
[103, 460]
[102, 470]
[101, 478]
[101, 487]
[102, 496]
[104, 505]
[106, 514]
[110, 523]
[113, 532]
[119, 541]
[125, 550]
[132, 559]
[140, 568]
[150, 577]
[160, 586]
[172, 595]
[185, 604]
[197, 613]
[210, 622]
[223, 631]
[236, 640]
[249, 649]
11 Date: Wed Jan 18 13:59:26 2017
[390, 208]
[388, 218]
[384, 226]
[378, 235]
[372, 244]
[365, 253]
[356, 262]
[346, 271]
[335, 280]
[322, 289]
[307, 298]
[292, 307]
[275, 316]
[258, 325]
[241, 334]
[224, 343]
[208, 352]
[194, 361]
[180, 370]
[168, 379]
[158, 388]
[148, 397]
[140, 406]
[132, 415]
[125, 424]
[120, 433]
[115, 442]
[111, 452]
[109, 460]
[107, 469]
[106, 478]
[106, 487]
[107, 496]
[109, 505]
[111, 515]
[114, 523]
[118, 532]
[123, 541]
[129, 550]
[137, 559]
[144, 568]
[153, 577]
[164, 586]
[175, 595]
[187, 604]
[200, 613]
[212, 622]
[224, 631]
[237, 640]
[249, 649]
12 Date: Wed Jan 18 13:59:26 2017
[381, 220]
[379, 229]
[375, 238]
[369, 247]
[363, 256]
[355, 265]
[347, 274]
[337, 283]
[326, 292]
[313, 301]
[299, 310]
[283, 319]
[267, 328]
[250, 337]
[234, 346]
[218, 355]
[203, 364]
[189, 373]
[176, 382]
[165, 391]
[154, 400]
[145, 409]
[137, 418]
[130, 427]
[124, 436]
[118, 445]
[115, 454]
[112, 463]
[110, 473]
[109, 481]
[109, 490]
[110, 499]
[111, 508]
[114, 517]
[118, 526]
[122, 535]
[127, 544]
[134, 553]
[142, 562]
[150, 571]
[160, 580]
[171, 589]
[182, 598]
[195, 607]
[207, 616]
[219, 625]
[231, 634]
[244, 643]
13 Date: Wed Jan 18 13:59:26 2017
[377, 227]
[374, 236]
[369, 245]
[363, 254]
[356, 263]
[348, 272]
[339, 281]
[328, 290]
[316, 299]
[303, 308]
[287, 317]
[271, 326]
[254, 335]
[237, 344]
[220, 353]
[204, 362]
[189, 371]
[175, 380]
[162, 389]
[151, 398]
[142, 407]
[133, 416]
[125, 425]
[118, 434]
[112, 443]
[108, 452]
[105, 461]
[102, 470]
[100, 479]
[100, 488]
[100, 497]
[101, 506]
[103, 516]
[106, 524]
[110, 533]
[115, 542]
[120, 551]
[127, 560]
[135, 569]
[144, 578]
[155, 587]
[166, 596]
[179, 605]
[191, 614]
[204, 623]
[217, 632]
[230, 641]
[242, 650]
14 Date: Wed Jan 18 13:59:26 2017
[388, 202]
[387, 211]
[385, 220]
[381, 229]
[376, 238]
[370, 247]
[364, 256]
[356, 265]
[347, 274]
[336, 283]
[324, 292]
[311, 301]
[296, 310]
[280, 319]
[263, 328]
[245, 337]
[227, 346]
[210, 355]
[194, 364]
[180, 373]
[166, 382]
[154, 391]
[144, 400]
[134, 409]
[125, 418]
[118, 427]
[112, 436]
[106, 445]
[102, 454]
[98, 463]
[96, 472]
[94, 481]
[93, 491]
[93, 499]
[95, 508]
[97, 517]
[99, 526]
[103, 535]
[106, 544]
[112, 553]
[119, 562]
[126, 571]
[135, 580]
[145, 589]
[155, 598]
[167, 607]
[180, 616]
[193, 625]
[206, 634]
[219, 643]
[231, 652]
[244, 661]
15 Date: Wed Jan 18 13:59:26 2017
[369, 232]
[366, 241]
[361, 250]
[356, 259]
[349, 268]
[341, 277]
[332, 286]
[322, 295]
[310, 304]
[297, 313]
[282, 322]
[267, 331]
[251, 340]
[234, 349]
[217, 358]
[202, 367]
[187, 376]
[173, 385]
[160, 394]
[149, 403]
[138, 412]
[129, 421]
[121, 430]
[113, 439]
[107, 448]
[102, 457]
[98, 466]
[94, 475]
[92, 484]
[90, 493]
[90, 502]
[91, 511]
[91, 521]
[93, 529]
[96, 538]
[100, 547]
[104, 556]
[109, 565]
[116, 574]
[124, 583]
[133, 592]
[143, 601]
[154, 610]
[166, 619]
[179, 628]
[192, 637]
[205, 646]
[218, 655]
[231, 664]
16 Date: Wed Jan 18 13:59:26 2017
[359, 242]
[354, 251]
[349, 260]
[342, 269]
[334, 278]
[325, 287]
[315, 296]
[304, 305]
[290, 314]
[276, 323]
[260, 332]
[244, 341]
[227, 350]
[210, 359]
[194, 368]
[178, 377]
[164, 386]
[151, 395]
[139, 404]
[128, 413]
[119, 422]
[111, 431]
[103, 440]
[97, 449]
[92, 458]
[87, 468]
[84, 476]
[82, 485]
[81, 494]
[80, 503]
[81, 512]
[83, 521]
[85, 530]
[88, 539]
[92, 548]
[97, 557]
[103, 566]
[111, 575]
[119, 584]
[129, 593]
[141, 602]
[153, 611]
[166, 620]
[179, 629]
[193, 638]
[207, 647]
[220, 656]
[234, 665]
17 Date: Wed Jan 18 13:59:27 2017
[358, 242]
[354, 251]
[348, 260]
[341, 269]
[333, 278]
[324, 287]
[314, 296]
[303, 305]
[289, 314]
[274, 323]
[258, 332]
[241, 341]
[224, 350]
[206, 359]
[189, 368]
[174, 377]
[159, 386]
[146, 395]
[134, 404]
[123, 413]
[114, 422]
[105, 431]
[98, 440]
[92, 449]
[86, 458]
[82, 467]
[79, 476]
[76, 485]
[75, 494]
[75, 503]
[75, 512]
[76, 522]
[78, 530]
[82, 539]
[86, 548]
[91, 557]
[97, 566]
[105, 575]
[113, 584]
[123, 593]
[134, 602]
[147, 611]
[161, 620]
[175, 629]
[189, 638]
[203, 647]
[217, 656]
[231, 665]
18 Date: Wed Jan 18 13:59:27 2017
[354, 229]
[353, 238]
[350, 248]
[346, 256]
[340, 265]
[333, 274]
[326, 283]
[317, 292]
[307, 301]
[296, 310]
[283, 319]
[268, 328]
[253, 337]
[236, 346]
[219, 355]
[202, 364]
[186, 373]
[170, 382]
[155, 391]
[142, 400]
[130, 409]
[119, 418]
[109, 427]
[100, 436]
[92, 445]
[86, 454]
[80, 463]
[76, 472]
[72, 482]
[69, 490]
[68, 499]
[67, 508]
[67, 517]
[67, 526]
[69, 535]
[72, 544]
[76, 553]
[80, 562]
[86, 571]
[92, 580]
[101, 589]
[110, 598]
[121, 607]
[132, 616]
[145, 625]
[160, 634]
[174, 643]
[188, 652]
[203, 661]
[217, 670]
[231, 679]
19 Date: Wed Jan 18 13:59:27 2017
[337, 232]
[336, 242]
[334, 250]
[330, 259]
[324, 268]
[318, 277]
[311, 286]
[304, 295]
[294, 304]
[284, 313]
[272, 322]
[259, 331]
[245, 340]
[230, 349]
[214, 358]
[198, 367]
[182, 376]
[166, 385]
[152, 394]
[138, 403]
[125, 412]
[114, 421]
[104, 430]
[94, 439]
[86, 448]
[78, 457]
[72, 466]
[66, 475]
[62, 484]
[58, 493]
[55, 502]
[53, 511]
[52, 520]
[52, 529]
[53, 538]
[54, 548]
[57, 556]
[60, 565]
[64, 574]
[69, 583]
[75, 592]
[83, 601]
[91, 610]
[101, 619]
[112, 628]
[125, 637]
[140, 646]
[154, 655]
[169, 664]
[184, 673]
[200, 682]
[214, 691]
20 Date: Wed Jan 18 13:59:27 2017
[342, 236]
[339, 245]
[335, 254]
[329, 263]
[323, 272]
[315, 281]
[307, 290]
[298, 299]
[287, 308]
[275, 317]
[262, 326]
[247, 335]
[232, 344]
[215, 353]
[199, 362]
[183, 371]
[167, 380]
[151, 389]
[138, 398]
[125, 407]
[113, 416]
[102, 425]
[92, 434]
[83, 443]
[76, 452]
[69, 461]
[63, 470]
[58, 479]
[54, 488]
[50, 497]
[47, 507]
[46, 515]
[45, 524]
[45, 533]
[45, 543]
[47, 551]
[49, 561]
[52, 569]
[55, 578]
[60, 587]
[67, 596]
[73, 605]
[82, 614]
[91, 623]
[102, 632]
[114, 641]
[128, 650]
[142, 659]
[157, 668]
[172, 677]
[188, 686]
[203, 695]
21 Date: Wed Jan 18 13:59:27 2017
[331, 247]
[328, 257]
[322, 265]
[316, 274]
[308, 283]
[300, 292]
[291, 301]
[280, 310]
[268, 319]
[254, 328]
[240, 337]
[224, 346]
[207, 355]
[190, 364]
[175, 373]
[159, 382]
[144, 391]
[130, 400]
[117, 409]
[105, 418]
[94, 427]
[84, 436]
[75, 445]
[68, 454]
[61, 463]
[55, 472]
[50, 481]
[46, 490]
[42, 499]
[40, 509]
[38, 517]
[37, 526]
[37, 535]
[37, 544]
[39, 553]
[41, 562]
[44, 571]
[47, 580]
[52, 589]
[58, 598]
[65, 607]
[73, 616]
[82, 625]
[93, 634]
[105, 643]
[119, 652]
[133, 661]
[148, 670]
[163, 679]
[179, 688]
[194, 697]
[209, 706]
22 Date: Wed Jan 18 13:59:27 2017
[319, 255]
[316, 265]
[311, 273]
[305, 282]
[298, 291]
[289, 300]
[280, 309]
[270, 318]
[258, 327]
[245, 336]
[231, 345]
[215, 354]
[200, 363]
[184, 372]
[168, 381]
[152, 390]
[137, 399]
[123, 408]
[110, 417]
[98, 426]
[87, 435]
[77, 444]
[68, 453]
[60, 462]
[53, 471]
[47, 480]
[42, 489]
[37, 498]
[34, 507]
[30, 516]
[28, 525]
[27, 535]
[26, 543]
[27, 552]
[27, 561]
[30, 571]
[32, 579]
[36, 588]
[40, 597]
[45, 606]
[52, 615]
[60, 624]
[69, 633]
[79, 642]
[91, 651]
[104, 660]
[119, 669]
[134, 678]
[149, 687]
[165, 696]
[182, 705]
[197, 714]
23 Date: Wed Jan 18 13:59:27 2017
[326, 241]
[326, 250]
[323, 259]
[319, 268]
[314, 277]
[308, 286]
[300, 295]
[292, 304]
[283, 313]
[272, 322]
[260, 331]
[247, 340]
[233, 349]
[218, 358]
[202, 367]
[185, 376]
[169, 385]
[153, 394]
[139, 403]
[125, 412]
[112, 421]
[100, 430]
[89, 439]
[79, 448]
[71, 457]
[63, 466]
[56, 475]
[50, 484]
[45, 493]
[41, 503]
[38, 511]
[35, 520]
[33, 529]
[33, 538]
[33, 547]
[33, 556]
[35, 565]
[38, 574]
[41, 583]
[45, 592]
[50, 601]
[57, 610]
[65, 619]
[74, 628]
[84, 637]
[95, 646]
[108, 655]
[122, 664]
[136, 673]
[151, 682]
[166, 691]
[180, 700]
[195, 709]
24 Date: Wed Jan 18 13:59:27 2017
[329, 258]
[326, 268]
[321, 276]
[316, 285]
[309, 294]
[302, 303]
[293, 312]
[283, 321]
[272, 330]
[260, 339]
[246, 348]
[231, 357]
[215, 366]
[198, 375]
[181, 384]
[166, 393]
[150, 402]
[135, 411]
[122, 420]
[109, 429]
[98, 438]
[88, 447]
[79, 456]
[71, 465]
[64, 474]
[57, 483]
[52, 492]
[48, 501]
[45, 511]
[42, 519]
[41, 528]
[40, 537]
[40, 546]
[41, 555]
[43, 565]
[45, 573]
[50, 582]
[54, 591]
[59, 600]
[67, 609]
[74, 618]
[84, 627]
[94, 636]
[106, 645]
[119, 654]
[132, 663]
[146, 672]
[159, 681]
[173, 690]
[187, 699]
25 Date: Wed Jan 18 13:59:28 2017
[332, 243]
[332, 252]
[331, 261]
[327, 270]
[322, 279]
[316, 288]
[310, 297]
[302, 306]
[293, 315]
[283, 324]
[272, 333]
[259, 342]
[244, 351]
[229, 360]
[212, 369]
[196, 378]
[178, 387]
[162, 396]
[147, 405]
[132, 414]
[119, 423]
[107, 432]
[96, 441]
[86, 450]
[77, 459]
[69, 468]
[62, 477]
[56, 486]
[51, 495]
[48, 505]
[45, 513]
[43, 522]
[42, 532]
[41, 540]
[42, 549]
[44, 558]
[46, 567]
[50, 576]
[54, 585]
[60, 594]
[66, 603]
[73, 612]
[82, 621]
[92, 630]
[103, 639]
[115, 648]
[128, 657]
[142, 666]
[155, 675]
[169, 684]
[182, 693]
[196, 702]
26 Date: Wed Jan 18 13:59:28 2017
[327, 249]
[325, 258]
[321, 267]
[317, 276]
[311, 285]
[304, 294]
[296, 303]
[288, 312]
[278, 321]
[266, 330]
[252, 339]
[238, 348]
[222, 357]
[206, 366]
[188, 375]
[171, 384]
[154, 393]
[139, 402]
[124, 411]
[110, 420]
[97, 429]
[86, 438]
[76, 447]
[66, 456]
[58, 465]
[51, 474]
[45, 483]
[40, 492]
[36, 501]
[33, 510]
[30, 519]
[29, 528]
[28, 537]
[29, 546]
[30, 555]
[32, 564]
[35, 573]
[39, 582]
[44, 591]
[49, 600]
[57, 609]
[65, 618]
[74, 627]
[85, 636]
[97, 645]
[111, 654]
[125, 663]
[138, 672]
[152, 681]
[166, 690]
[180, 699]
27 Date: Wed Jan 18 13:59:28 2017
[300, 266]
[296, 275]
[290, 284]
[284, 293]
[276, 302]
[267, 311]
[257, 320]
[247, 329]
[234, 338]
[220, 347]
[205, 356]
[189, 365]
[173, 374]
[156, 383]
[140, 392]
[124, 401]
[109, 410]
[95, 419]
[82, 428]
[70, 437]
[59, 446]
[50, 455]
[41, 464]
[33, 473]
[27, 482]
[21, 491]
[16, 500]
[12, 509]
[9, 518]
[7, 572]
[10, 581]
[14, 590]
[18, 599]
[24, 608]
[31, 617]
[40, 626]
[49, 635]
[59, 644]
[71, 653]
[86, 662]
[101, 671]
[116, 680]
[131, 689]
[146, 698]
[161, 707]
[176, 716]
28 Date: Wed Jan 18 13:59:28 2017
[311, 253]
[310, 263]
[307, 271]
[302, 280]
[296, 289]
[290, 298]
[283, 307]
[275, 316]
[265, 325]
[254, 334]
[241, 343]
[228, 352]
[213, 361]
[197, 370]
[181, 379]
[165, 388]
[148, 397]
[132, 406]
[117, 415]
[103, 424]
[90, 433]
[78, 442]
[67, 451]
[57, 460]
[49, 469]
[41, 478]
[34, 487]
[28, 496]
[23, 505]
[18, 514]
[15, 523]
[12, 532]
[11, 541]
[10, 551]
[9, 559]
[11, 568]
[12, 578]
[15, 586]
[18, 595]
[22, 604]
[26, 613]
[33, 622]
[41, 631]
[49, 640]
[59, 649]
[70, 658]
[83, 667]
[96, 676]
[110, 685]
[124, 694]
[139, 703]
[154, 712]
[168, 721]
29 Date: Wed Jan 18 13:59:28 2017
[313, 264]
[311, 273]
[306, 282]
[301, 291]
[294, 300]
[286, 309]
[278, 318]
[268, 327]
[257, 336]
[244, 345]
[230, 354]
[215, 363]
[200, 372]
[183, 381]
[166, 390]
[149, 399]
[133, 408]
[118, 417]
[104, 426]
[91, 435]
[79, 444]
[68, 453]
[57, 462]
[49, 471]
[41, 480]
[34, 489]
[28, 498]
[23, 507]
[18, 516]
[15, 525]
[12, 534]
[10, 544]
[9, 552]
[8, 561]
[9, 570]
[10, 579]
[12, 588]
[15, 598]
[18, 606]
[22, 615]
[28, 624]
[34, 633]
[42, 642]
[51, 651]
[61, 660]
[72, 669]
[85, 678]
[99, 687]
[112, 696]
[126, 705]
[140, 714]
[154, 723]
[168, 732]
30 Date: Wed Jan 18 13:59:28 2017
[312, 277]
[310, 286]
[305, 295]
[300, 304]
[293, 313]
[286, 322]
[278, 331]
[268, 340]
[257, 349]
[244, 358]
[231, 367]
[216, 376]
[200, 385]
[184, 394]
[168, 403]
[151, 412]
[135, 421]
[120, 430]
[107, 439]
[94, 448]
[82, 457]
[72, 466]
[62, 475]
[54, 484]
[46, 493]
[40, 502]
[34, 511]
[29, 520]
[25, 529]
[22, 539]
[19, 547]
[18, 557]
[17, 565]
[17, 575]
[18, 583]
[20, 593]
[23, 601]
[27, 610]
[31, 620]
[36, 628]
[42, 637]
[50, 646]
[59, 655]
[69, 664]
[80, 673]
[92, 682]
[106, 691]
[119, 700]
[132, 709]
[146, 718]
[159, 727]
[173, 736]
31 Date: Wed Jan 18 13:59:29 2017
[311, 281]
[308, 290]
[304, 299]
[298, 308]
[291, 317]
[283, 326]
[274, 335]
[264, 344]
[253, 353]
[240, 362]
[226, 371]
[210, 380]
[194, 389]
[177, 398]
[160, 407]
[143, 416]
[128, 425]
[113, 434]
[99, 443]
[87, 452]
[76, 461]
[66, 470]
[57, 479]
[48, 488]
[41, 497]
[34, 506]
[29, 515]
[25, 525]
[21, 533]
[19, 542]
[17, 552]
[16, 560]
[16, 569]
[17, 578]
[19, 588]
[21, 596]
[25, 605]
[30, 614]
[34, 623]
[41, 632]
[49, 641]
[57, 650]
[68, 659]
[79, 668]
[91, 677]
[104, 686]
[117, 695]
[130, 704]
[144, 713]
[157, 722]
[171, 731]
32 Date: Wed Jan 18 13:59:29 2017
[308, 288]
[305, 297]
[300, 306]
[294, 315]
[287, 324]
[280, 333]
[270, 342]
[259, 351]
[247, 360]
[234, 369]
[220, 378]
[204, 387]
[187, 396]
[170, 405]
[152, 414]
[136, 423]
[120, 432]
[105, 441]
[92, 450]
[79, 459]
[69, 468]
[59, 477]
[50, 486]
[41, 495]
[35, 504]
[29, 513]
[24, 522]
[19, 532]
[17, 540]
[14, 549]
[13, 558]
[13, 567]
[13, 577]
[15, 585]
[17, 594]
[21, 603]
[25, 612]
[30, 621]
[36, 630]
[43, 639]
[51, 648]
[61, 657]
[72, 666]
[84, 675]
[98, 684]
[111, 693]
[124, 702]
[137, 711]
[150, 720]
[163, 729]
33 Date: Wed Jan 18 13:59:29 2017
[296, 297]
[293, 306]
[288, 315]
[282, 324]
[275, 333]
[267, 342]
[258, 351]
[248, 360]
[236, 369]
[223, 378]
[209, 387]
[194, 396]
[178, 405]
[161, 414]
[144, 423]
[128, 432]
[113, 441]
[98, 450]
[85, 459]
[72, 468]
[61, 477]
[51, 486]
[43, 495]
[34, 504]
[27, 513]
[21, 522]
[16, 531]
[12, 540]
[9, 549]
[7, 558]
[7, 594]
[9, 603]
[12, 612]
[16, 621]
[21, 630]
[27, 639]
[34, 648]
[43, 657]
[53, 666]
[64, 675]
[75, 684]
[89, 693]
[103, 702]
[116, 711]
[130, 720]
[144, 729]
[157, 738]
34 Date: Wed Jan 18 13:59:29 2017
[301, 302]
[298, 311]
[293, 320]
[287, 329]
[280, 338]
[273, 347]
[264, 356]
[253, 365]
[242, 374]
[229, 383]
[215, 392]
[199, 401]
[183, 410]
[166, 419]
[150, 428]
[134, 437]
[118, 446]
[104, 455]
[91, 464]
[78, 473]
[67, 482]
[57, 491]
[48, 500]
[40, 509]
[33, 518]
[27, 527]
[22, 536]
[17, 545]
[14, 554]
[12, 563]
[10, 572]
[9, 581]
[10, 590]
[11, 599]
[13, 608]
[15, 617]
[19, 626]
[24, 635]
[30, 644]
[35, 653]
[44, 662]
[52, 671]
[62, 680]
[73, 689]
[85, 698]
[98, 707]
[111, 716]
[124, 725]
[137, 734]
[150, 743]
[163, 752]
35 Date: Wed Jan 18 13:59:29 2017
[293, 307]
[290, 316]
[286, 325]
[280, 334]
[273, 343]
[266, 352]
[257, 361]
[246, 370]
[235, 379]
[222, 388]
[208, 397]
[193, 406]
[177, 415]
[160, 424]
[144, 433]
[128, 442]
[112, 451]
[98, 460]
[85, 469]
[72, 478]
[62, 487]
[52, 496]
[43, 505]
[35, 514]
[27, 523]
[22, 532]
[16, 541]
[13, 550]
[9, 560]
[7, 568]
[7, 586]
[8, 604]
[10, 613]
[13, 622]
[18, 631]
[23, 640]
[29, 649]
[36, 658]
[44, 667]
[54, 676]
[65, 685]
[77, 694]
[90, 703]
[103, 712]
[116, 721]
[129, 730]
[142, 739]
[155, 748]
36 Date: Wed Jan 18 13:59:29 2017
[294, 278]
[294, 287]
[294, 296]
[293, 306]
[291, 314]
[287, 323]
[283, 332]
[277, 341]
[270, 350]
[262, 359]
[254, 368]
[244, 377]
[233, 386]
[220, 395]
[206, 404]
[191, 413]
[175, 422]
[159, 431]
[143, 440]
[127, 449]
[112, 458]
[98, 467]
[85, 476]
[73, 485]
[62, 494]
[53, 503]
[44, 512]
[36, 521]
[29, 530]
[24, 539]
[19, 548]
[15, 557]
[13, 566]
[11, 575]
[10, 584]
[10, 593]
[11, 602]
[13, 611]
[16, 620]
[20, 629]
[25, 638]
[31, 647]
[36, 656]
[44, 665]
[53, 674]
[63, 683]
[74, 692]
[86, 701]
[99, 710]
[112, 719]
[125, 728]
[138, 737]
[150, 746]
[163, 755]
37 Date: Wed Jan 18 13:59:30 2017
[296, 317]
[293, 327]
[288, 337]
[282, 347]
[274, 357]
[265, 367]
[255, 377]
[243, 387]
[230, 397]
[215, 407]
[199, 417]
[182, 427]
[164, 437]
[146, 447]
[129, 457]
[113, 467]
[98, 477]
[84, 487]
[72, 497]
[61, 507]
[51, 517]
[42, 527]
[35, 537]
[29, 547]
[24, 557]
[20, 567]
[18, 577]
[16, 587]
[16, 597]
[16, 608]
[18, 617]
[21, 627]
[25, 637]
[30, 647]
[36, 657]
[44, 667]
[52, 677]
[62, 687]
[73, 697]
[86, 707]
[98, 717]
[112, 727]
[126, 737]
[139, 747]
[153, 757]
38 Date: Wed Jan 18 13:59:30 2017
[295, 326]
[291, 336]
[286, 346]
[279, 356]
[271, 366]
[262, 376]
[252, 386]
[240, 396]
[227, 406]
[211, 416]
[195, 426]
[177, 436]
[160, 446]
[143, 456]
[126, 466]
[110, 476]
[96, 486]
[83, 496]
[71, 506]
[60, 516]
[51, 526]
[42, 536]
[35, 546]
[30, 556]
[25, 566]
[23, 576]
[21, 586]
[20, 596]
[20, 606]
[22, 616]
[24, 626]
[28, 636]
[33, 646]
[38, 656]
[45, 666]
[52, 676]
[62, 686]
[72, 696]
[84, 706]
[96, 716]
[109, 726]
[121, 736]
[134, 746]
[147, 756]
39 Date: Wed Jan 18 13:59:30 2017
[304, 318]
[302, 327]
[298, 336]
[293, 345]
[286, 354]
[279, 363]
[271, 372]
[261, 381]
[250, 390]
[238, 399]
[224, 408]
[209, 417]
[193, 426]
[176, 435]
[158, 444]
[142, 453]
[125, 462]
[110, 471]
[96, 480]
[83, 489]
[72, 498]
[61, 507]
[52, 516]
[43, 525]
[36, 534]
[30, 543]
[25, 552]
[21, 561]
[18, 570]
[16, 579]
[15, 588]
[16, 597]
[16, 607]
[18, 615]
[21, 624]
[25, 633]
[29, 642]
[34, 651]
[41, 660]
[48, 669]
[56, 678]
[66, 687]
[75, 696]
[87, 705]
[98, 714]
[109, 723]
[121, 732]
[132, 741]
[144, 750]
[155, 759]
40 Date: Wed Jan 18 13:59:30 2017
[305, 326]
[302, 335]
[298, 344]
[293, 353]
[286, 362]
[278, 371]
[270, 380]
[260, 389]
[248, 398]
[236, 407]
[222, 416]
[206, 425]
[190, 434]
[173, 443]
[156, 452]
[140, 461]
[125, 470]
[110, 479]
[96, 488]
[84, 497]
[73, 506]
[63, 515]
[54, 524]
[46, 533]
[40, 542]
[35, 551]
[30, 560]
[27, 569]
[25, 578]
[25, 587]
[24, 596]
[25, 605]
[27, 614]
[29, 623]
[33, 632]
[38, 641]
[42, 650]
[49, 659]
[56, 668]
[65, 677]
[73, 686]
[82, 695]
[93, 704]
[104, 713]
[115, 722]
[126, 731]
[137, 740]
[148, 749]
[158, 758]
41 Date: Wed Jan 18 13:59:30 2017
[304, 328]
[301, 338]
[297, 346]
[291, 355]
[284, 364]
[276, 373]
[267, 382]
[257, 391]
[245, 400]
[232, 409]
[217, 418]
[201, 427]
[184, 436]
[166, 445]
[149, 454]
[131, 463]
[116, 472]
[100, 481]
[87, 490]
[75, 499]
[64, 508]
[54, 517]
[45, 526]
[38, 535]
[31, 544]
[26, 553]
[22, 562]
[20, 572]
[18, 580]
[17, 589]
[17, 598]
[18, 608]
[21, 616]
[24, 625]
[28, 634]
[33, 643]
[37, 652]
[44, 661]
[52, 670]
[61, 679]
[71, 688]
[81, 697]
[92, 706]
[103, 715]
[115, 724]
[126, 733]
[137, 742]
[148, 751]
[159, 760]
42 Date: Wed Jan 18 13:59:30 2017
[314, 326]
[312, 335]
[307, 344]
[301, 353]
[294, 362]
[286, 371]
[277, 380]
[266, 389]
[254, 398]
[240, 407]
[224, 416]
[207, 425]
[189, 434]
[170, 443]
[152, 452]
[134, 461]
[118, 470]
[102, 479]
[89, 488]
[76, 497]
[65, 506]
[55, 515]
[46, 524]
[39, 533]
[33, 542]
[29, 551]
[24, 560]
[22, 569]
[21, 578]
[20, 587]
[21, 596]
[22, 605]
[24, 614]
[27, 623]
[31, 632]
[35, 641]
[41, 650]
[47, 659]
[55, 668]
[64, 677]
[73, 686]
[83, 695]
[94, 704]
[104, 713]
[115, 722]
[126, 731]
[136, 740]
[147, 749]
[157, 758]
43 Date: Wed Jan 18 13:59:31 2017
[322, 328]
[318, 338]
[313, 348]
[306, 358]
[298, 368]
[289, 378]
[277, 388]
[264, 398]
[249, 408]
[232, 418]
[213, 428]
[194, 438]
[173, 448]
[153, 458]
[134, 468]
[117, 478]
[101, 488]
[87, 498]
[74, 508]
[63, 518]
[54, 528]
[46, 538]
[39, 548]
[34, 558]
[31, 568]
[28, 578]
[27, 588]
[26, 599]
[27, 608]
[29, 619]
[32, 628]
[37, 638]
[41, 648]
[47, 658]
[54, 668]
[61, 678]
[70, 688]
[80, 698]
[91, 708]
[102, 718]
[113, 728]
[124, 738]
[135, 748]
[146, 758]
[157, 768]
44 Date: Wed Jan 18 13:59:31 2017
[328, 332]
[324, 342]
[319, 352]
[312, 362]
[304, 372]
[295, 382]
[284, 392]
[271, 402]
[256, 412]
[239, 422]
[221, 432]
[202, 442]
[182, 452]
[162, 462]
[143, 472]
[125, 482]
[109, 492]
[95, 502]
[83, 512]
[72, 522]
[62, 532]
[54, 542]
[46, 552]
[41, 562]
[37, 572]
[34, 582]
[33, 592]
[32, 602]
[32, 612]
[34, 622]
[36, 632]
[40, 642]
[43, 652]
[48, 662]
[54, 672]
[61, 682]
[70, 692]
[78, 702]
[87, 712]
[98, 722]
[108, 732]
[119, 742]
[130, 752]
[140, 762]
[151, 772]
45 Date: Wed Jan 18 13:59:31 2017
[326, 287]
[328, 317]
[327, 328]
[326, 337]
[321, 347]
[316, 357]
[309, 367]
[302, 377]
[292, 387]
[281, 397]
[269, 407]
[255, 417]
[238, 427]
[220, 437]
[200, 447]
[179, 457]
[159, 467]
[140, 477]
[122, 487]
[106, 497]
[92, 507]
[78, 517]
[67, 527]
[58, 537]
[49, 547]
[43, 557]
[38, 567]
[34, 577]
[33, 587]
[31, 598]
[31, 607]
[32, 618]
[34, 627]
[38, 637]
[42, 647]
[46, 657]
[52, 667]
[59, 677]
[67, 687]
[76, 697]
[85, 707]
[96, 717]
[106, 727]
[117, 737]
[127, 747]
[138, 757]
[148, 767]
46 Date: Wed Jan 18 13:59:31 2017
[330, 293]
[330, 347]
[327, 356]
[322, 365]
[316, 374]
[309, 383]
[301, 392]
[292, 401]
[282, 410]
[270, 419]
[256, 428]
[241, 437]
[224, 446]
[206, 455]
[188, 464]
[170, 473]
[152, 482]
[135, 491]
[120, 500]
[106, 509]
[94, 518]
[83, 527]
[74, 536]
[65, 545]
[59, 554]
[54, 563]
[50, 572]
[48, 582]
[46, 590]
[46, 599]
[46, 608]
[48, 617]
[50, 626]
[53, 635]
[57, 644]
[62, 653]
[66, 662]
[73, 671]
[79, 680]
[87, 689]
[95, 698]
[103, 707]
[113, 716]
[122, 725]
[131, 734]
[140, 743]
[149, 752]
[158, 761]
47 Date: Wed Jan 18 13:59:31 2017
[313, 299]
[313, 353]
[310, 362]
[306, 371]
[299, 380]
[293, 389]
[285, 398]
[277, 407]
[267, 416]
[255, 425]
[242, 434]
[227, 443]
[212, 452]
[194, 461]
[177, 470]
[159, 479]
[142, 488]
[125, 497]
[110, 506]
[96, 515]
[84, 524]
[73, 533]
[63, 542]
[55, 551]
[48, 560]
[43, 569]
[40, 579]
[37, 587]
[35, 596]
[35, 605]
[36, 614]
[37, 624]
[40, 632]
[44, 641]
[48, 650]
[52, 659]
[58, 668]
[65, 677]
[72, 686]
[81, 695]
[89, 704]
[98, 713]
[108, 722]
[117, 731]
[127, 740]
[136, 749]
[145, 758]
[155, 767]
48 Date: Wed Jan 18 13:59:31 2017
[315, 300]
[313, 354]
[311, 363]
[306, 372]
[300, 381]
[294, 390]
[286, 399]
[277, 408]
[267, 417]
[255, 426]
[242, 435]
[228, 444]
[211, 453]
[194, 462]
[176, 471]
[159, 480]
[142, 489]
[125, 498]
[110, 507]
[96, 516]
[84, 525]
[73, 534]
[63, 543]
[54, 552]
[48, 561]
[42, 570]
[37, 579]
[35, 588]
[33, 597]
[32, 606]
[32, 615]
[33, 624]
[35, 633]
[37, 642]
[41, 651]
[45, 660]
[50, 669]
[56, 678]
[62, 687]
[69, 696]
[77, 705]
[85, 714]
[95, 723]
[104, 732]
[113, 741]
[123, 750]
[132, 759]
[141, 768]
49 Date: Wed Jan 18 13:59:31 2017
[318, 302]
[318, 347]
[316, 357]
[312, 365]
[307, 374]
[300, 383]
[294, 392]
[285, 401]
[276, 410]
[265, 419]
[252, 428]
[239, 437]
[223, 446]
[206, 455]
[188, 464]
[170, 473]
[152, 482]
[135, 491]
[118, 500]
[103, 509]
[90, 518]
[78, 527]
[67, 536]
[58, 545]
[50, 554]
[43, 563]
[37, 572]
[34, 581]
[31, 590]
[29, 599]
[28, 608]
[28, 617]
[29, 626]
[31, 635]
[33, 644]
[37, 653]
[40, 663]
[45, 671]
[50, 680]
[58, 689]
[65, 698]
[73, 707]
[82, 716]
[91, 725]
[100, 734]
[110, 743]
[119, 752]
[129, 761]
[139, 770]
50 Date: Wed Jan 18 13:59:32 2017
[323, 295]
[325, 322]
[324, 331]
[323, 340]
[320, 349]
[316, 358]
[311, 367]
[305, 376]
[298, 385]
[290, 394]
[281, 403]
[270, 412]
[257, 421]
[243, 430]
[227, 439]
[210, 448]
[192, 457]
[173, 466]
[155, 475]
[137, 484]
[120, 493]
[105, 502]
[91, 511]
[78, 520]
[67, 529]
[58, 538]
[49, 547]
[43, 556]
[37, 565]
[32, 574]
[30, 583]
[27, 592]
[26, 601]
[26, 610]
[26, 620]
[28, 628]
[30, 637]
[33, 646]
[37, 655]
[41, 664]
[46, 673]
[52, 682]
[58, 691]
[66, 700]
[75, 709]
[83, 718]
[93, 727]
[102, 736]
[111, 745]
[120, 754]
[129, 763]
[139, 772]
51 Date: Wed Jan 18 13:59:32 2017
[324, 301]
[324, 346]
[322, 356]
[318, 364]
[314, 373]
[308, 382]
[301, 391]
[293, 400]
[284, 409]
[273, 418]
[262, 427]
[248, 436]
[233, 445]
[217, 454]
[199, 463]
[181, 472]
[163, 481]
[146, 490]
[129, 499]
[113, 508]
[99, 517]
[86, 526]
[75, 535]
[66, 544]
[57, 553]
[49, 562]
[43, 571]
[39, 580]
[35, 589]
[32, 598]
[31, 607]
[30, 616]
[30, 625]
[31, 634]
[33, 643]
[35, 652]
[38, 661]
[42, 670]
[46, 679]
[51, 688]
[58, 697]
[65, 706]
[72, 715]
[80, 724]
[88, 733]
[97, 742]
[106, 751]
[115, 760]
[124, 769]
52 Date: Wed Jan 18 13:59:32 2017
[314, 306]
[314, 351]
[312, 361]
[309, 369]
[304, 378]
[299, 387]
[292, 396]
[284, 405]
[275, 414]
[265, 423]
[253, 432]
[240, 441]
[225, 450]
[209, 459]
[192, 468]
[174, 477]
[156, 486]
[138, 495]
[121, 504]
[106, 513]
[92, 522]
[79, 531]
[68, 540]
[57, 549]
[49, 558]
[41, 567]
[34, 576]
[29, 585]
[26, 594]
[23, 603]
[21, 613]
[20, 621]
[20, 630]
[21, 639]
[23, 648]
[25, 657]
[27, 666]
[31, 675]
[36, 684]
[40, 693]
[46, 702]
[53, 711]
[61, 720]
[68, 729]
[76, 738]
[85, 747]
[95, 756]
[104, 765]
[113, 774]
53 Date: Wed Jan 18 13:59:32 2017
[306, 313]
[305, 358]
[303, 368]
[299, 376]
[294, 385]
[288, 394]
[281, 403]
[273, 412]
[263, 421]
[252, 430]
[240, 439]
[226, 448]
[211, 457]
[194, 466]
[176, 475]
[158, 484]
[140, 493]
[123, 502]
[107, 511]
[92, 520]
[78, 529]
[65, 538]
[55, 547]
[45, 556]
[37, 565]
[30, 574]
[24, 583]
[20, 592]
[17, 601]
[14, 610]
[13, 619]
[13, 628]
[13, 637]
[14, 646]
[16, 655]
[19, 665]
[23, 673]
[26, 682]
[32, 691]
[38, 700]
[44, 709]
[51, 718]
[59, 727]
[68, 736]
[78, 745]
[87, 754]
[97, 763]
[106, 772]
54 Date: Wed Jan 18 13:59:32 2017
[305, 326]
[304, 353]
[303, 362]
[301, 371]
[297, 380]
[292, 389]
[287, 398]
[280, 407]
[271, 416]
[262, 425]
[251, 434]
[239, 443]
[225, 452]
[210, 461]
[193, 470]
[174, 479]
[155, 488]
[137, 497]
[119, 506]
[102, 515]
[86, 524]
[72, 533]
[59, 542]
[48, 551]
[38, 560]
[29, 569]
[22, 578]
[16, 587]
[12, 596]
[8, 605]
[7, 650]
[9, 659]
[11, 668]
[15, 677]
[19, 686]
[24, 695]
[31, 704]
[38, 713]
[45, 722]
[53, 731]
[62, 740]
[72, 749]
[81, 758]
[91, 767]
55 Date: Wed Jan 18 13:59:32 2017
[311, 362]
[310, 371]
[305, 380]
[300, 389]
[294, 398]
[287, 407]
[278, 416]
[269, 425]
[257, 434]
[244, 443]
[230, 452]
[214, 461]
[196, 470]
[177, 479]
[158, 488]
[138, 497]
[120, 506]
[102, 515]
[86, 524]
[71, 533]
[58, 542]
[47, 551]
[37, 560]
[28, 569]
[20, 578]
[14, 587]
[9, 596]
[7, 677]
[10, 686]
[13, 695]
[19, 704]
[26, 713]
[32, 722]
[40, 731]
[48, 740]
[57, 749]
[67, 758]
[77, 767]
56 Date: Wed Jan 18 13:59:32 2017
[321, 358]
[319, 367]
[315, 376]
[310, 385]
[304, 394]
[297, 403]
[288, 412]
[279, 421]
[268, 430]
[255, 439]
[241, 448]
[225, 457]
[207, 466]
[188, 475]
[168, 484]
[147, 493]
[127, 502]
[109, 511]
[92, 520]
[76, 529]
[63, 538]
[50, 547]
[40, 556]
[30, 565]
[22, 574]
[14, 583]
[8, 592]
[8, 700]
[12, 709]
[17, 718]
[25, 727]
[31, 736]
[40, 745]
[49, 754]
[59, 763]
[67, 772]
57 Date: Wed Jan 18 13:59:33 2017
[330, 358]
[329, 366]
[325, 374]
[321, 382]
[316, 390]
[311, 398]
[305, 406]
[297, 414]
[288, 422]
[279, 430]
[268, 438]
[255, 446]
[241, 454]
[226, 462]
[210, 470]
[192, 478]
[174, 486]
[155, 494]
[137, 502]
[120, 510]
[104, 518]
[89, 526]
[76, 534]
[64, 542]
[53, 550]
[44, 558]
[35, 566]
[27, 574]
[20, 582]
[14, 590]
[9, 598]
[7, 702]
[9, 710]
[12, 718]
[16, 726]
[22, 734]
[28, 742]
[36, 750]
[43, 758]
[51, 766]
[58, 774]
58 Date: Wed Jan 18 13:59:33 2017
[339, 365]
[337, 373]
[334, 381]
[329, 389]
[324, 397]
[318, 405]
[312, 413]
[304, 421]
[295, 429]
[286, 437]
[274, 445]
[262, 453]
[247, 461]
[232, 469]
[215, 477]
[198, 485]
[179, 493]
[161, 501]
[142, 509]
[126, 517]
[110, 525]
[96, 533]
[83, 541]
[71, 549]
[60, 557]
[51, 565]
[42, 573]
[35, 581]
[28, 589]
[22, 597]
[17, 605]
[13, 613]
[9, 621]
[7, 629]
[6, 693]
[8, 701]
[10, 709]
[12, 717]
[16, 725]
[20, 733]
[25, 741]
[30, 749]
[37, 757]
[44, 765]
[50, 773]
59 Date: Wed Jan 18 13:59:33 2017
[350, 361]
[349, 369]
[346, 377]
[342, 385]
[338, 393]
[333, 401]
[327, 409]
[320, 417]
[313, 425]
[303, 433]
[293, 441]
[282, 449]
[269, 457]
[254, 465]
[238, 473]
[221, 481]
[203, 489]
[184, 497]
[164, 505]
[146, 513]
[129, 521]
[113, 529]
[99, 537]
[86, 545]
[74, 553]
[64, 561]
[54, 569]
[45, 577]
[37, 585]
[31, 593]
[25, 601]
[19, 609]
[15, 617]
[11, 625]
[8, 633]
[7, 705]
[9, 713]
[11, 721]
[12, 729]
[17, 737]
[22, 745]
[26, 753]
[32, 761]
[39, 769]
60 Date: Wed Jan 18 13:59:33 2017
[360, 358]
[359, 367]
[358, 374]
[355, 382]
[351, 390]
[347, 398]
[342, 406]
[336, 414]
[329, 422]
[322, 430]
[312, 438]
[302, 446]
[290, 454]
[277, 462]
[262, 470]
[247, 478]
[229, 486]
[211, 494]
[192, 502]
[173, 510]
[155, 518]
[138, 526]
[122, 534]
[108, 542]
[95, 550]
[83, 558]
[73, 566]
[63, 574]
[54, 582]
[46, 590]
[40, 598]
[34, 606]
[28, 614]
[24, 622]
[20, 630]
[17, 638]
[14, 646]
[12, 655]
[11, 662]
[9, 670]
[9, 678]
[9, 686]
[9, 694]
[9, 702]
[10, 710]
[12, 718]
[15, 726]
[17, 734]
[20, 742]
[25, 750]
[28, 758]
[34, 766]
61 Date: Wed Jan 18 13:59:33 2017
[367, 376]
[366, 384]
[362, 392]
[358, 400]
[353, 408]
[348, 416]
[341, 424]
[334, 432]
[325, 440]
[316, 448]
[305, 456]
[292, 464]
[278, 472]
[263, 480]
[246, 488]
[229, 496]
[210, 504]
[191, 512]
[173, 520]
[155, 528]
[138, 536]
[123, 544]
[110, 552]
[97, 560]
[86, 568]
[76, 576]
[67, 584]
[59, 592]
[52, 600]
[45, 608]
[39, 616]
[34, 624]
[30, 632]
[26, 640]
[23, 648]
[20, 656]
[18, 664]
[15, 672]
[14, 681]
[13, 688]
[15, 696]
[13, 704]
[14, 712]
[15, 720]
[18, 728]
[20, 736]
[22, 744]
[26, 752]
[29, 760]
[33, 768]
62 Date: Wed Jan 18 13:59:33 2017
[380, 371]
[378, 380]
[376, 387]
[373, 395]
[368, 403]
[363, 411]
[357, 419]
[350, 427]
[342, 435]
[333, 443]
[323, 451]
[311, 459]
[298, 467]
[283, 475]
[267, 483]
[250, 491]
[233, 499]
[214, 507]
[196, 515]
[177, 523]
[161, 531]
[145, 539]
[131, 547]
[118, 555]
[106, 563]
[95, 571]
[86, 579]
[77, 587]
[69, 595]
[62, 603]
[56, 611]
[50, 619]
[46, 627]
[41, 635]
[38, 643]
[35, 651]
[32, 659]
[30, 668]
[29, 675]
[27, 684]
[28, 691]
[27, 699]
[28, 707]
[28, 715]
[30, 723]
[31, 731]
[34, 739]
[36, 747]
[39, 755]
[43, 763]
[47, 771]
