0.0872,0.1745,0,0,0.1745,0,1.06014,0.434137,0.559316,-1.99746,1.7254,-2.84352,
0.0855516,0.162256,-0.00867799,0.020677,0.172968,-0.0217635,1.03848,0.380602,0.581316,-2.09424,1.70726,-2.83441,
0.0632705,0.167578,-0.00267794,0.0431638,0.178084,-0.0279982,1.0393,0.485816,0.504662,-2.08594,1.74753,-2.82934,
0.0516246,0.170911,-0.00892375,0.0398106,0.173408,-0.0582077,1.03952,0.473261,0.480346,-2.15615,1.75046,-2.79653,
0.036653,0.161427,-0.00275114,0.054057,0.193643,-0.0711251,1.03072,0.537669,0.415032,-2.16282,1.76592,-2.79899,
0.0330105,0.165617,-0.0102812,0.0575548,0.188197,-0.10278,1.0738,0.502589,0.379664,-2.04361,1.7191,-2.88348,
0.0327158,0.166885,-0.0149516,0.0731574,0.190029,-0.132126,1.08023,0.480575,0.387006,-2.03948,1.71099,-2.88506,
0.0394919,0.155268,-0.0167749,0.0793272,0.167034,-0.15163,1.09303,0.391036,0.401653,-2.01885,1.65115,-2.94707,
0.0334636,0.150448,-0.0244159,0.0975468,0.161559,-0.177156,1.07954,0.366366,0.400105,-2.10093,1.63415,-2.9194,
0.0319921,0.138715,-0.0310229,0.127717,0.160852,-0.183255,1.07357,0.345173,0.39751,-2.10156,1.60247,-2.96375,
0.0371492,0.13828,-0.0334247,0.132932,0.149014,-0.213777,1.06232,0.294826,0.415685,-2.17734,1.58022,-2.91072,
0.0326301,0.140294,-0.0294958,0.119281,0.159262,-0.242064,1.04815,0.309798,0.402146,-2.26279,1.60911,-2.81121,
0.0234283,0.136925,-0.0271477,0.109971,0.156005,-0.272603,1.06269,0.313795,0.338572,-2.23513,1.58822,-2.83148,
0.0114453,0.139921,-0.0254768,0.105692,0.152088,-0.303303,1.05984,0.3413,0.277974,-2.29414,1.60209,-2.77327,
0.00537479,0.135742,-0.0355084,0.105971,0.157733,-0.334036,1.05074,0.336792,0.226841,-2.35545,1.58516,-2.72642,
0.01426,0.136123,-0.040938,0.11534,0.166113,-0.363445,1.03786,0.29872,0.257195,-2.4279,1.59811,-2.6399,
0.0180707,0.13722,-0.0474384,0.115147,0.175045,-0.394968,1.05349,0.261073,0.266429,-2.35183,1.56825,-2.69624,
0.0221496,0.12305,-0.0414707,0.128891,0.159192,-0.415902,1.03858,0.234805,0.238976,-2.40371,1.52942,-2.65485,
0.0311761,0.130977,-0.0473995,0.135975,0.155994,-0.445761,1.03105,0.194394,0.266058,-2.46633,1.54156,-2.56831,
0.0126491,0.141207,-0.0386113,0.123032,0.157161,-0.466676,1.04904,0.256974,0.21126,-2.45239,1.5943,-2.5597,
0.0245593,0.131017,-0.0445729,0.133813,0.15199,-0.493271,1.04313,0.194805,0.211877,-2.43786,1.52799,-2.57376,
0.0455961,0.120998,-0.038527,0.143048,0.136412,-0.508238,1.02142,0.127834,0.237418,-2.49607,1.49586,-2.49534,
0.0355329,0.12358,-0.0500985,0.143255,0.136371,-0.538064,1.02582,0.156485,0.144154,-2.52849,1.49256,-2.4485,
0.0259354,0.113829,-0.0605007,0.149538,0.144337,-0.56514,1.02637,0.181708,0.0497923,-2.50305,1.44347,-2.4818,
0.0353138,0.102027,-0.054236,0.157054,0.135231,-0.592077,1.01558,0.159498,0.0133257,-2.537,1.41837,-2.40983,
0.0545321,0.112169,-0.0537772,0.163021,0.140016,-0.616583,1.00972,0.0847049,0.106618,-2.60223,1.47099,-2.28275,
0.0545436,0.104736,-0.0635349,0.149422,0.140469,-0.644794,1.00479,0.0879641,0.0100082,-2.56301,1.40319,-2.30608,
0.0410419,0.105822,-0.0643918,0.149994,0.149578,-0.674188,1.02184,0.124425,-0.0533196,-2.59389,1.44944,-2.24224,
0.0466239,0.104089,-0.0615753,0.15374,0.141033,-0.705847,1.01655,0.103973,-0.0740287,-2.57287,1.42134,-2.24044,
0.0509192,0.106813,-0.0551715,0.152994,0.134071,-0.737715,1.01523,0.078935,-0.0687842,-2.55812,1.42182,-2.22719,
0.0316091,0.125682,-0.0561664,0.150072,0.148942,-0.750825,1.04355,0.107515,-0.0361622,-2.57611,1.52245,-2.21376,
0.0449575,0.134936,-0.0483531,0.153572,0.147011,-0.778943,1.03482,0.0353795,0.0703843,-2.53812,1.52423,-2.23432,
0.0583952,0.124394,-0.0547532,0.135503,0.158406,-0.797449,1.01234,-0.00936709,0.0496456,-2.51714,1.4663,-2.2202,
0.034155,0.13534,-0.0588848,0.127323,0.162727,-0.815377,1.04667,0.0547691,-0.0233164,-2.54947,1.54779,-2.17455,
0.0253722,0.125193,-0.0722519,0.141288,0.154605,-0.837997,1.03955,0.114643,-0.182358,-2.51365,1.458,-2.23633,
0.00234084,0.113703,-0.0755575,0.132586,0.170359,-0.849581,1.04862,0.210937,-0.339694,-2.54655,1.4699,-2.20259,
-0.0191722,0.121267,-0.0803392,0.118974,0.157777,-0.865232,1.06141,0.307169,-0.506068,-2.52283,1.44935,-2.26042,
-0.0246032,0.114257,-0.0855525,0.103931,0.167587,-0.891748,1.04779,0.340447,-0.602278,-2.44849,1.39373,-2.35439,
-0.014562,0.128145,-0.084482,0.11759,0.176652,-0.915579,1.06262,0.236721,-0.424528,-2.519,1.49395,-2.21025,
0.000506588,0.135329,-0.079711,0.121559,0.164818,-0.941545,1.07101,0.16351,-0.361938,-2.54833,1.5328,-2.11182,
-0.000285241,0.127027,-0.0760822,0.111126,0.153491,-0.970034,1.05567,0.195399,-0.479921,-2.50984,1.47683,-2.13728,
0.00686205,0.134265,-0.0698456,0.115035,0.15767,-1.00096,1.04454,0.114516,-0.344205,-2.47069,1.49262,-2.15329,
-0.00806588,0.120339,-0.075886,0.119043,0.155918,-1.02663,1.03246,0.226273,-0.568681,-2.43296,1.41509,-2.22602,
-0.00711256,0.129912,-0.0780735,0.119278,0.168178,-1.05636,1.03302,0.159077,-0.45316,-2.3951,1.44071,-2.24796,
0.0118163,0.126094,-0.0823073,0.129788,0.153955,-1.07704,1.00877,0.138811,-0.512331,-2.39788,1.38769,-2.19476,
0.0246611,0.140789,-0.081026,0.153739,0.160025,-1.08881,1.0124,0.0212008,-0.291823,-2.38769,1.41884,-2.19346,
0.0419123,0.132564,-0.0920046,0.161541,0.152676,-1.11185,0.974139,0.0271978,-0.408489,-2.37519,1.3382,-2.15411,
0.0436494,0.127974,-0.0829058,0.175374,0.165455,-1.13773,0.981301,-0.0182321,-0.349495,-2.42498,1.39971,-2.03623,
0.0393963,0.128318,-0.0841064,0.180717,0.161436,-1.1704,0.960532,-0.00176463,-0.387932,-2.36047,1.34736,-2.12178,
0.0267747,0.132775,-0.0774348,0.185943,0.171533,-1.1983,0.974898,-0.0233207,-0.314113,-2.33695,1.38216,-2.16024,
0.0224105,0.146597,-0.0843693,0.203314,0.175326,-1.2219,0.986709,-0.0513685,-0.248032,-2.30862,1.38504,-2.21501,
0.0377175,0.149171,-0.0814803,0.211851,0.182195,-1.24951,0.967793,-0.133243,-0.169658,-2.34232,1.40667,-2.09092,
0.0312353,0.157139,-0.0783092,0.210299,0.17351,-1.28014,0.968508,-0.137564,-0.162917,-2.28963,1.39161,-2.15738,
0.0476093,0.168013,-0.0875948,0.230578,0.162247,-1.29113,0.949929,-0.179645,-0.138253,-2.27682,1.34779,-2.16029,
0.0666603,0.174663,-0.0960483,0.222459,0.143327,-1.30626,0.896936,-0.200888,-0.189749,-2.21804,1.26068,-2.17882,
0.0533221,0.17256,-0.104968,0.230253,0.116376,-1.31534,0.911712,-0.0819966,-0.383834,-2.11581,1.20357,-2.38044,
0.0697326,0.179984,-0.123608,0.235093,0.112446,-1.33585,0.863527,-0.102642,-0.419477,-1.99576,1.10163,-2.50517,
0.0696207,0.1915,-0.137823,0.246691,0.100576,-1.35868,0.870511,-0.0867165,-0.477565,-1.88756,1.07393,-2.65985,
0.0798965,0.188119,-0.131151,0.238102,0.0728896,-1.37007,0.828703,-0.0540893,-0.583721,-1.71855,1.01334,-2.84697,
0.0653007,0.189736,-0.128437,0.226696,0.0733913,-1.39796,0.853373,-0.03255,-0.632898,-1.6391,1.05078,-2.95098,
0.0775143,0.189695,-0.118942,0.245721,0.0632678,-1.41864,0.81769,-0.075734,-0.582067,-1.61503,1.01537,-2.93896,
0.0971314,0.189325,-0.127356,0.247789,0.0571502,-1.44382,0.707445,-0.0549221,-0.688551,-1.45076,0.936038,-3.04291,
0.085229,0.188092,-0.131864,0.26103,0.0638252,-1.47117,0.719519,-0.00731212,-0.749737,-1.53813,0.95739,-2.937,
0.0746193,0.183427,-0.14412,0.276598,0.0799846,-1.48971,0.735556,0.0598127,-0.86139,-1.52057,0.976315,-2.9899,
0.0638245,0.193751,-0.145244,0.287319,0.0904766,-1.51582,0.762329,0.00293552,-0.742098,-1.67927,1.01524,-2.77512,
0.0592616,0.197994,-0.154688,0.284994,0.0847926,-1.5469,0.749038,0.0621786,-0.879717,-1.52701,1.0138,-2.96398,
0.0437408,0.209764,-0.150258,0.302363,0.103332,-1.55623,0.827298,-0.0573071,-0.61384,-1.77794,1.0904,-2.67117,
0.0516978,0.218144,-0.14348,0.313462,0.10246,-1.585,0.802074,-0.146686,-0.485193,-1.78781,1.07644,-2.59707,
0.06307,0.213973,-0.137138,0.325513,0.110504,-1.61211,0.731563,-0.203296,-0.424877,-1.7508,1.01364,-2.55874,
0.0836405,0.199787,-0.133354,0.338102,0.119236,-1.62817,0.582428,-0.201117,-0.466203,-1.70442,0.902355,-2.46949,
0.0938408,0.211743,-0.122799,0.355949,0.11944,-1.64949,0.529614,-0.301297,-0.313886,-1.7993,0.897546,-2.25138,
0.111113,0.198153,-0.11864,0.367699,0.119209,-1.6717,0.366222,-0.274585,-0.387964,-1.6494,0.751678,-2.29399,
0.128264,0.203922,-0.119019,0.373637,0.122632,-1.69921,0.16965,-0.314679,-0.346939,-1.51514,0.591498,-2.2715,
0.138636,0.195503,-0.134522,0.398713,0.117148,-1.69187,0.158389,-0.199662,-0.545058,-1.44733,0.601971,-2.33405,
0.149633,0.183691,-0.128889,0.405652,0.126927,-1.71824,0.00510276,-0.193036,-0.557308,-1.14817,0.469492,-2.56641,
0.161871,0.168039,-0.13932,0.423296,0.142745,-1.72639,-0.0951217,-0.0774743,-0.754602,-0.94928,0.449794,-2.6618,
0.170404,0.155682,-0.130062,0.429014,0.136244,-1.75369,-0.193052,0.0486426,-0.977812,-0.735082,0.498232,-2.7464,
0.16646,0.16662,-0.126143,0.439044,0.144418,-1.78222,-0.236797,-0.094896,-0.712875,-0.72677,0.378809,-2.75041,
0.164238,0.169095,-0.121123,0.433574,0.149143,-1.81451,-0.320289,-0.111337,-0.675878,-0.58444,0.346635,-2.80618,
0.139047,0.161809,-0.131347,0.438167,0.145347,-1.83194,-0.150038,0.0257855,-0.941048,-0.746507,0.547375,-2.78677,
0.135087,0.160664,-0.132954,0.438889,0.14475,-1.83468,-0.137652,0.0875104,-1.06264,-0.80112,0.611658,-2.69432,
0.124492,0.169097,-0.134719,0.430744,0.147875,-1.86416,-0.177699,0.0654724,-1.03508,-0.855555,0.628258,-2.5272,
0.126765,0.192198,-0.157143,0.433936,0.146348,-1.87295,-0.221709,0.0450204,-1.01148,-0.792731,0.611457,-2.55347,
0.143089,0.193993,-0.161409,0.433989,0.146429,-1.90199,-0.383318,0.13278,-1.14462,-0.38719,0.613365,-2.88414,
0.14733,0.197405,-0.166458,0.444328,0.154381,-1.93209,-0.47486,0.16034,-1.18001,-0.229452,0.615877,-2.9577,
0.144359,0.200326,-0.155472,0.429421,0.13437,-1.95135,-0.470667,0.144702,-1.14357,-0.168679,0.627928,-3.06587,
0.127261,0.214882,-0.150636,0.421425,0.136016,-1.97453,-0.488965,-0.0350099,-0.831858,-0.334228,0.509185,-2.79591,
0.114351,0.209705,-0.146909,0.418737,0.123259,-2.00199,-0.451205,0.0967818,-1.08413,-0.440166,0.667067,-2.6657,
0.120979,0.203883,-0.138616,0.429687,0.121205,-2.03133,-0.523678,0.1621,-1.18086,-0.306441,0.694683,-2.73815,
0.117334,0.220711,-0.140382,0.423736,0.13537,-2.05574,-0.668765,-0.0250982,-0.826984,-0.237328,0.53309,-2.59467,
0.124383,0.211953,-0.132251,0.43137,0.126928,-2.08419,-0.673001,0.0487187,-0.928342,-0.101215,0.567408,-2.79082,
0.131432,0.203196,-0.12412,0.439003,0.118486,-2.11264,-0.706515,0.1944,-1.16856,-0.0262091,0.682142,-2.83677,
0.133453,0.202346,-0.117644,0.446782,0.113667,-2.14428,-0.72805,0.178261,-1.1149,0.0967494,0.668705,-2.98841,
0.13619,0.201882,-0.115162,0.456786,0.113255,-2.17617,-0.767554,0.233778,-1.19275,0.156918,0.709096,-3.00643,
0.136692,0.204631,-0.111015,0.468895,0.108438,-2.20678,-0.809721,0.283613,-1.26914,0.129614,0.743612,-2.88235,
0.115081,0.207444,-0.108743,0.455692,0.121997,-2.2239,-0.790821,0.0539777,-0.85664,0.196076,0.577897,-3.00635,
0.0858233,0.210874,-0.118521,0.465488,0.118539,-2.23166,-0.643892,0.0074558,-0.842862,-0.0161115,0.606798,-2.95325,
0.0962291,0.211913,-0.112512,0.477371,0.114719,-2.26047,-0.736944,0.0405365,-0.867865,0.0639543,0.61155,-2.90581,
0.106635,0.212952,-0.106503,0.489254,0.110899,-2.28928,-0.800234,0.0602665,-0.86455,0.192456,0.605451,-2.98444,
0.117041,0.213991,-0.100494,0.501137,0.10708,-2.3181,-0.854383,0.0843789,-0.866975,0.306835,0.605767,-3.05554,
0.131067,0.210207,-0.0948492,0.503249,0.0992561,-2.34678,-0.912303,0.235833,-1.0914,0.294147,0.702386,-2.92815,
0.141279,0.207451,-0.090739,0.504788,0.09356,-2.36767,-0.925618,0.369128,-1.30205,0.374079,0.806532,-3.03263,
0.15878,0.212462,-0.0881955,0.497817,0.102183,-2.39356,-0.996973,0.373445,-1.21733,0.534878,0.765127,-3.12768,
0.141228,0.215914,-0.0977463,0.49957,0.112281,-2.41837,-0.992221,0.301579,-1.10041,0.532059,0.734874,-3.12664,
0.132653,0.230514,-0.104345,0.519749,0.124159,-2.43427,-1.02483,0.165639,-0.849126,0.576718,0.616704,-3.10871,
0.122697,0.236055,-0.110229,0.505184,0.12357,-2.46174,-1.03566,0.169257,-0.843604,0.568823,0.640424,-3.07847,
0.135842,0.231101,-0.114911,0.507336,0.127036,-2.49167,-1.05256,0.380057,-1.17532,0.53235,0.781322,-2.99407,
0.126223,0.246472,-0.125591,0.48569,0.119637,-2.50453,-1.08622,0.352488,-1.11796,0.488069,0.78932,-2.86557,
0.125641,0.243024,-0.126627,0.490828,0.119432,-2.53757,-1.06913,0.460598,-1.302,0.504185,0.873892,-2.92206,
0.11132,0.249852,-0.118771,0.482523,0.0983561,-2.55503,-1.0846,0.305956,-1.03244,0.462834,0.794981,-2.83475,
0.112625,0.244865,-0.118997,0.487075,0.103746,-2.58751,-1.09049,0.421953,-1.21189,0.449184,0.877588,-2.78928,
0.111252,0.255528,-0.126073,0.478665,0.102357,-2.6174,-1.12911,0.482821,-1.27942,0.421461,0.92769,-2.66297,
0.0859668,0.249566,-0.118721,0.471684,0.0885849,-2.63021,-1.08286,0.280875,-0.974914,0.427863,0.830047,-2.77426,
0.0936372,0.250136,-0.124824,0.480625,0.0991585,-2.65925,-1.11763,0.438421,-1.20837,0.392698,0.932289,-2.63489,
0.0925128,0.256002,-0.138383,0.466029,0.112758,-2.68192,-1.13433,0.523115,-1.31989,0.413316,0.990473,-2.6168,
0.0871052,0.249276,-0.135706,0.471058,0.122922,-2.71227,-1.11806,0.422903,-1.1159,0.497741,0.904078,-2.76822,
0.0816976,0.24255,-0.133028,0.476087,0.133085,-2.74262,-1.13372,0.480253,-1.18842,0.444685,0.945487,-2.63082,
0.0762899,0.235824,-0.130351,0.481116,0.143248,-2.77297,-1.15683,0.493625,-1.18041,0.422923,0.961983,-2.52349,
0.0708823,0.229098,-0.127674,0.486146,0.153412,-2.80332,-1.17818,0.507239,-1.17147,0.400097,0.97633,-2.41825,
0.0654746,0.222372,-0.124997,0.491175,0.163575,-2.83368,-1.17545,0.502379,-1.13485,0.410683,0.965791,-2.41908,
0.060067,0.215646,-0.122319,0.496204,0.173739,-2.86403,-1.15017,0.487663,-1.0874,0.455674,0.937508,-2.52388,
0.0598251,0.215345,-0.1222,0.496429,0.174193,-2.86539,-1.17224,0.50079,-1.10271,0.421252,0.957233,-2.41906,
0.0436035,0.221382,-0.134204,0.507643,0.186106,-2.88588,-1.2028,0.398105,-0.925112,0.417466,0.915276,-2.34533,
0.0436035,0.221382,-0.134204,0.507643,0.186106,-2.88588,-1.23222,0.393042,-0.908875,0.399201,0.926204,-2.25234,
0.0436035,0.221382,-0.134204,0.507643,0.186106,-2.88588,-1.26736,0.369599,-0.861912,0.39612,0.929551,-2.16842,
0.0436035,0.221382,-0.134204,0.507643,0.186106,-2.88588,-1.30267,0.350712,-0.822333,0.391606,0.933663,-2.08502,
0.0436035,0.221382,-0.134204,0.507643,0.186106,-2.88588,-1.34156,0.306544,-0.744603,0.400547,0.923007,-2.01228,
0.0436035,0.221382,-0.134204,0.507643,0.186106,-2.88588,-1.38153,0.269425,-0.678801,0.408659,0.915885,-1.93956,
0.0436035,0.221382,-0.134204,0.507643,0.186106,-2.88588,-1.42389,0.219344,-0.596461,0.4233,0.905035,-1.8709,
0.0436035,0.221382,-0.134204,0.507643,0.186106,-2.88588,-1.46817,0.175825,-0.525097,0.438118,0.897916,-1.80297,
0.0415691,0.213386,-0.140548,0.511313,0.176137,-2.91605,-1.40506,0.291791,-0.751581,0.359526,1.00484,-1.80964,
0.0458221,0.197333,-0.137872,0.497263,0.155059,-2.93044,-1.42069,0.362782,-0.918897,0.295965,1.13911,-1.66804,
0.0543305,0.209284,-0.134406,0.487134,0.140393,-2.95465,-1.43127,0.355552,-0.84237,0.319395,1.10951,-1.69387,
0.0379016,0.193444,-0.134356,0.466181,0.145398,-2.96676,-1.45903,0.263343,-0.727478,0.293741,1.1275,-1.59014,
0.0368754,0.199474,-0.117568,0.438951,0.139562,-2.97282,-1.52143,0.134051,-0.447075,0.346611,1.03082,-1.56412,
0.0260437,0.19187,-0.112434,0.417518,0.121987,-2.98554,-1.47188,0.159563,-0.507585,0.3014,1.08022,-1.60273,
0.0317155,0.211006,-0.122386,0.426855,0.138322,-3.00112,-1.53286,0.111677,-0.362404,0.365422,1.01346,-1.58546,
0.046911,0.218567,-0.11288,0.427315,0.123055,-3.02392,-1.48702,0.203578,-0.429392,0.376926,1.00113,-1.67694,
0.0344508,0.211675,-0.115145,0.43842,0.0978437,-3.03675,-1.53045,0.131647,-0.432148,0.317755,1.08339,-1.55446,
0.0344508,0.211675,-0.115145,0.43842,0.0978437,-3.03675,-1.57492,0.0754554,-0.36622,0.321218,1.08412,-1.48317,
0.0344508,0.211675,-0.115145,0.43842,0.0978437,-3.03675,-1.62365,0.0237703,-0.308092,0.327155,1.08805,-1.41493,
0.0344508,0.211675,-0.115145,0.43842,0.0978437,-3.03675,-1.66838,-0.0385021,-0.24757,0.32835,1.09206,-1.34485,
0.0344508,0.211675,-0.115145,0.43842,0.0978437,-3.03675,-1.7193,-0.0967306,-0.194576,0.333951,1.09998,-1.27904,
0.0344508,0.211675,-0.115145,0.43842,0.0978437,-3.03675,-1.76601,-0.157666,-0.147259,0.334122,1.11334,-1.21108,
0.0344508,0.211675,-0.115145,0.43842,0.0978437,-3.03675,-1.82092,-0.214955,-0.106639,0.340458,1.13079,-1.14934,
0.0344508,0.211675,-0.115145,0.43842,0.0978437,-3.03675,-1.87102,-0.272401,-0.0740729,0.341441,1.15442,-1.08598,
0.0344508,0.211675,-0.115145,0.43842,0.0978437,-3.03675,-1.93232,-0.326175,-0.047691,0.350969,1.18261,-1.03156,
0.0344508,0.211675,-0.115145,0.43842,0.0978437,-3.03675,-1.98941,-0.377609,-0.0307865,0.356558,1.21717,-0.976878,
0.0344508,0.211675,-0.115145,0.43842,0.0978437,-3.03675,-2.063,-0.424959,-0.0197242,0.374476,1.25746,-0.935265,
0.0344508,0.211675,-0.115145,0.43842,0.0978437,-3.03675,-2.13406,-0.471453,-0.0184521,0.390083,1.30394,-0.894505,
0.0344508,0.211675,-0.115145,0.43842,0.0978437,-3.03675,-2.23614,-0.512657,-0.0235092,0.427984,1.361,-0.876433,
0.0275987,0.199362,-0.102036,0.443451,0.114402,-3.05823,-2.31671,-0.574507,0.0224009,0.455448,1.40731,-0.851248,
0.0279598,0.204771,-0.104628,0.423852,0.113407,-3.08488,-2.14623,-0.519797,0.047112,0.356594,1.33404,-0.824156,
0.0464102,0.21069,-0.115833,0.416688,0.102203,-3.10618,-2.01564,-0.429374,-0.049125,0.25801,1.3285,-0.732886,
0.0464102,0.21069,-0.115833,0.416688,0.102203,-3.10618,-2.05807,-0.465931,-0.0658517,0.254712,1.3756,-0.679352,
0.0605406,0.217954,-0.134124,0.418794,0.0908872,-3.12648,-1.96077,-0.370642,-0.201533,0.174601,1.40839,-0.61273,
0.0605406,0.217954,-0.134124,0.418794,0.0908872,-3.12648,-1.99461,-0.401539,-0.224853,0.167181,1.45399,-0.556985,
0.0605406,0.217954,-0.134124,0.418794,0.0908872,-3.12648,-2.01472,-0.424212,-0.259111,0.15312,1.50402,-0.496627,
0.0605406,0.217954,-0.134124,0.418794,0.0908872,-3.12648,-2.04778,-0.44216,-0.300212,0.148636,1.55712,-0.446989,
0.0605406,0.217954,-0.134124,0.418794,0.0908872,-3.12648,-2.06296,-0.451141,-0.352148,0.135218,1.61388,-0.39002,
0.0605406,0.217954,-0.134124,0.418794,0.0908872,-3.12648,-2.10146,-0.454727,-0.412024,0.138524,1.67496,-0.349456,
0.0605406,0.217954,-0.134124,0.418794,0.0908872,-3.12648,-2.01622,-0.448861,-0.487612,0.05847,1.73654,-0.238325,
0.0605406,0.217954,-0.134124,0.418794,0.0908872,-3.12648,-2.1739,-0.435129,-0.575872,0.150768,1.81697,-0.270887,
0.0464102,0.21069,-0.115833,0.416688,0.102203,-3.10618,-1.70207,-0.556441,-0.411514,-0.175967,1.77067,0.0248091,
0.0279598,0.204771,-0.104628,0.423852,0.113407,-3.08488,-1.73277,-0.642609,-0.394615,-0.169291,1.82347,0.07612,
0.0275987,0.199362,-0.102036,0.443451,0.114402,-3.05823,-1.79584,-0.652237,-0.476487,-0.13876,1.87401,0.0971274,
0.0344508,0.211675,-0.115145,0.43842,0.0978437,-3.03675,-1.85058,-0.576777,-0.665323,-0.121905,1.97208,0.0968698,
0.046911,0.218567,-0.11288,0.427315,0.123055,-3.02392,-1.84584,-0.658926,-0.501329,-0.0944937,1.90906,0.173494,
0.0317155,0.211006,-0.122386,0.426855,0.138322,-3.00112,-1.83716,-0.656637,-0.571877,-0.110457,1.95648,0.182117,
0.0368754,0.199474,-0.117568,0.438951,0.139562,-2.97282,-1.89058,-0.615742,-0.716423,-0.0689805,2.03094,0.209928,
0.0379016,0.193444,-0.134356,0.466181,0.145398,-2.96676,-1.91347,-0.521199,-0.908277,-0.053234,2.09039,0.196255,
0.0543305,0.209284,-0.134406,0.487134,0.140393,-2.95465,-1.90104,-0.605682,-0.782883,-0.0431178,2.03554,0.267543,
0.0458221,0.197333,-0.137872,0.497263,0.155059,-2.93044,-1.89893,-0.608736,-0.829804,-0.0438849,2.05395,0.281512,
0.0415691,0.213386,-0.140548,0.511313,0.176137,-2.91605,-1.8274,-0.80566,-0.508003,-0.0772068,1.91635,0.348936,
0.0415691,0.213386,-0.140548,0.511313,0.176137,-2.91605,-1.8274,-0.80566,-0.508003,-0.0772068,1.91635,0.348936,
0.0436035,0.221382,-0.134204,0.507643,0.186106,-2.88588,-1.78458,-0.934553,-0.311751,-0.0933562,1.83505,0.401188,
0.0598251,0.215345,-0.1222,0.496429,0.174193,-2.86539,-1.79919,-0.937073,-0.280121,-0.0746459,1.79691,0.396822,
0.0737361,0.213269,-0.128187,0.516365,0.179813,-2.84374,-1.80089,-0.960628,-0.227639,-0.0581681,1.72891,0.407484,
0.0990355,0.214681,-0.135223,0.514127,0.171,-2.82483,-1.84279,-0.904303,-0.300567,-0.00761654,1.73961,0.422992,
0.113989,0.222455,-0.143722,0.532939,0.166579,-2.80479,-1.85057,-0.916441,-0.312269,0.0133678,1.74082,0.471595,
0.114608,0.244564,-0.138576,0.532742,0.143911,-2.79469,-1.82567,-0.967375,-0.302872,-0.00490591,1.79232,0.536415,
0.126557,0.253203,-0.13287,0.519945,0.136936,-2.76883,-1.82391,-1.00091,-0.27572,0.0142655,1.8059,0.591537,
0.115687,0.251772,-0.142368,0.506328,0.129554,-2.74273,-1.83476,-0.961827,-0.398225,0.00186577,1.87298,0.583817,
0.106758,0.230819,-0.131762,0.518736,0.113523,-2.73328,-1.87603,-0.839261,-0.707204,0.0338893,2.04703,0.614396,
0.117557,0.226014,-0.119849,0.504283,0.124118,-2.71029,-1.86832,-0.935805,-0.517659,0.0473658,1.95256,0.631434,
0.123118,0.228061,-0.131122,0.513125,0.118539,-2.68096,-1.86986,-0.947977,-0.523017,0.0464434,1.93095,0.634722,
0.14087,0.223225,-0.123115,0.511266,0.122439,-2.65432,-1.87401,-0.986378,-0.46685,0.0897168,1.90896,0.693369,
0.15986,0.220696,-0.125841,0.504269,0.122764,-2.62771,-1.87941,-0.971816,-0.484052,0.135805,1.90806,0.740453,
0.169383,0.219495,-0.120169,0.507195,0.133645,-2.59804,-1.86449,-1.04952,-0.390272,0.16617,1.88124,0.810554,
0.168285,0.218873,-0.126468,0.512649,0.13559,-2.56553,-1.85508,-1.06053,-0.446365,0.19372,1.92402,0.880268,
0.157232,0.221454,-0.133875,0.528311,0.12581,-2.5409,-1.85637,-1.08157,-0.496827,0.17779,1.95322,0.893784,
0.16624,0.207819,-0.116891,0.53179,0.129764,-2.51749,-1.86098,-1.16312,-0.372311,0.191246,1.88761,0.901168,
0.161504,0.210639,-0.0997749,0.514953,0.147412,-2.50289,-1.83682,-1.24336,-0.297186,0.219991,1.91455,0.987629,
0.146339,0.209265,-0.0925349,0.515826,0.14433,-2.47396,-1.83994,-1.2957,-0.310484,0.208868,1.95167,1.01432,
0.149994,0.208398,-0.10884,0.500724,0.119982,-2.46843,-1.84887,-1.10259,-0.618615,0.250617,2.07486,1.05404,
0.166631,0.218534,-0.0970701,0.497804,0.114735,-2.4444,-1.82503,-1.21706,-0.452143,0.280101,2.01622,1.11663,
0.172776,0.216469,-0.0861616,0.492243,0.109079,-2.41427,-1.82653,-1.29152,-0.361384,0.279652,1.97815,1.12118,
0.160207,0.200875,-0.0813755,0.494369,0.104077,-2.38824,-1.84591,-1.26309,-0.477175,0.2851,2.03314,1.13715,
0.141279,0.207451,-0.090739,0.504788,0.09356,-2.36767,-1.86039,-1.28436,-0.514698,0.229307,2.05244,1.08864,
0.125639,0.21485,-0.0955291,0.510956,0.103923,-2.3419,-1.85732,-1.35382,-0.490681,0.216647,2.06925,1.11525,
0.126834,0.209292,-0.090242,0.494196,0.111619,-2.31487,-1.85957,-1.39356,-0.44162,0.221254,2.05159,1.12449,
0.138071,0.212183,-0.0996207,0.502166,0.0952023,-2.29087,-1.85684,-1.37199,-0.50073,0.259158,2.06038,1.17395,
0.144384,0.200493,-0.107731,0.486741,0.112022,-2.27168,-1.8483,-1.32734,-0.557721,0.319015,2.06779,1.2359,
0.14006,0.199569,-0.0964748,0.47221,0.0979124,-2.2477,-1.86657,-1.36761,-0.515088,0.267548,2.05605,1.17614,
0.158217,0.195765,-0.104169,0.466765,0.0988035,-2.22128,-1.85575,-1.37837,-0.482013,0.319151,2.01374,1.22157,
0.159512,0.19198,-0.11357,0.45643,0.0944156,-2.19127,-1.86292,-1.35896,-0.520622,0.320094,2.01073,1.21456,
0.14407,0.187493,-0.109542,0.45269,0.103349,-2.16365,-1.85877,-1.34601,-0.640582,0.370479,2.09201,1.31886,
0.14474,0.183007,-0.10888,0.468948,0.11384,-2.13652,-1.84868,-1.4287,-0.574579,0.417108,2.06005,1.3922,
0.156749,0.172094,-0.112792,0.452207,0.111193,-2.11274,-1.86875,-1.44395,-0.491728,0.372391,1.99202,1.29789,
0.157359,0.176912,-0.120749,0.458959,0.0998144,-2.08325,-1.85824,-1.45577,-0.528961,0.412263,1.9989,1.35764,
0.134471,0.178937,-0.130651,0.441817,0.105066,-2.06968,-1.87815,-1.38575,-0.672072,0.364375,2.07612,1.32439,
0.125148,0.168108,-0.126133,0.433328,0.103876,-2.04081,-1.89997,-1.40547,-0.661262,0.316209,2.06348,1.26621,
0.135599,0.185757,-0.127315,0.417311,0.109591,-2.02032,-1.87852,-1.4944,-0.547719,0.35507,2.03994,1.33464,
0.14144,0.180315,-0.143312,0.412039,0.110105,-1.99232,-1.86926,-1.45959,-0.603887,0.406472,2.03015,1.38114,
0.141684,0.202955,-0.145581,0.416002,0.116356,-1.96868,-1.84873,-1.58598,-0.491581,0.439406,2.01468,1.46281,
0.13353,0.20483,-0.150488,0.42204,0.112313,-1.9373,-1.84123,-1.59532,-0.555851,0.490981,2.03313,1.54103,
0.127004,0.191784,-0.160437,0.438942,0.133445,-1.92795,-1.83348,-1.59037,-0.596529,0.552393,2.02376,1.61127,
0.143089,0.193993,-0.161409,0.433989,0.146429,-1.90199,-1.84739,-1.74911,-0.335154,0.488715,1.92248,1.52256,
0.126765,0.192198,-0.157143,0.433936,0.146348,-1.87295,-1.84564,-1.73902,-0.450749,0.543613,1.97541,1.62341,
0.124492,0.169097,-0.134719,0.430744,0.147875,-1.86416,-1.84183,-1.72091,-0.505941,0.607396,1.97873,1.69829,
0.135087,0.160664,-0.132954,0.438889,0.14475,-1.83468,-1.83155,-1.80477,-0.401557,0.64841,1.90683,1.71884,
0.153762,0.150273,-0.12681,0.432203,0.136272,-1.81187,-1.83275,-1.86615,-0.279802,0.647307,1.8411,1.67265,
0.140158,0.125829,-0.134196,0.430423,0.119557,-1.80843,-1.86207,-1.70279,-0.474421,0.609343,1.88741,1.60306,
0.157922,0.13206,-0.124997,0.436263,0.107759,-1.78565,-1.86166,-1.84128,-0.284686,0.600742,1.81484,1.5761,
0.155162,0.143392,-0.143262,0.42377,0.108345,-1.76317,-1.8589,-1.84218,-0.289158,0.592956,1.81255,1.5689,
0.140455,0.159459,-0.134808,0.400967,0.113199,-1.75669,-1.86011,-1.82772,-0.379658,0.590972,1.89279,1.63698,
0.152734,0.155655,-0.127325,0.388452,0.111875,-1.72927,-1.86347,-1.90091,-0.275368,0.591488,1.84918,1.62471,
0.142154,0.155639,-0.125686,0.364162,0.0972818,-1.71464,-1.86549,-1.81303,-0.411624,0.591737,1.90412,1.63749,
0.121778,0.177795,-0.13627,0.363584,0.106238,-1.70891,-1.88503,-1.80827,-0.487743,0.537486,1.98192,1.64123,
0.111685,0.177593,-0.142091,0.356391,0.115722,-1.67969,-1.91051,-1.837,-0.473689,0.480382,1.98948,1.59859,
0.112398,0.193153,-0.136683,0.337708,0.132683,-1.66476,-1.9128,-1.90597,-0.427927,0.484483,2.01429,1.64823,
0.104968,0.202774,-0.128183,0.322735,0.122651,-1.64054,-1.9188,-1.90499,-0.489802,0.484728,2.06357,1.68109,
0.101288,0.205542,-0.133898,0.295806,0.124712,-1.62188,-1.93299,-1.88672,-0.49555,0.427458,2.08297,1.61811,
0.104972,0.202475,-0.139388,0.266056,0.127319,-1.60822,-1.92856,-1.85061,-0.510631,0.429203,2.07849,1.60451,
0.108655,0.199409,-0.144879,0.236307,0.129926,-1.59457,-1.9091,-1.78864,-0.584021,0.491054,2.08357,1.66176,
0.112339,0.196342,-0.150369,0.206558,0.132534,-1.58091,-1.92102,-1.77147,-0.554115,0.43413,2.0755,1.58028,
0.116023,0.193275,-0.155859,0.176808,0.135141,-1.56725,-1.91792,-1.7282,-0.583212,0.437432,2.07737,1.56986,
0.119707,0.190208,-0.161349,0.147059,0.137749,-1.55359,-1.92739,-1.71492,-0.545933,0.386214,2.05524,1.48874,
0.134133,0.188554,-0.164935,0.121573,0.141158,-1.53789,-1.93679,-1.761,-0.409362,0.338568,1.98684,1.406,
0.120311,0.194472,-0.162998,0.108379,0.160493,-1.51908,-1.93353,-1.7355,-0.546856,0.393704,2.08269,1.52491,
0.123722,0.205131,-0.156595,0.0987672,0.160345,-1.48954,-1.93862,-1.82295,-0.468821,0.390557,2.07534,1.5467,
0.13127,0.204031,-0.159016,0.0705488,0.166547,-1.47429,-1.92461,-1.78682,-0.516978,0.448063,2.08613,1.61281,
0.142226,0.203313,-0.160112,0.041533,0.17446,-1.46403,-1.92109,-1.78783,-0.478743,0.452323,2.06943,1.60609,
0.153182,0.202596,-0.161209,0.0125173,0.182373,-1.45377,-1.93069,-1.81306,-0.38468,0.405331,2.03566,1.53144,
0.164138,0.201878,-0.162305,-0.0164985,0.190285,-1.44352,-1.94155,-1.83175,-0.301847,0.362149,2.00556,1.46233,
0.175094,0.201161,-0.163401,-0.0455142,0.198198,-1.43326,-1.95029,-1.85181,-0.214457,0.322812,1.96598,1.39437,
0.18605,0.200443,-0.164498,-0.07453,0.20611,-1.423,-1.94863,-1.84118,-0.194212,0.329846,1.95538,1.3893,
0.210371,0.189892,-0.173748,-0.0884872,0.194677,-1.42719,-1.94066,-1.79697,-0.129263,0.340019,1.85917,1.32517,
0.216627,0.192972,-0.190932,-0.098111,0.204035,-1.40254,-1.93218,-1.79,-0.157187,0.382486,1.86088,1.37667,
0.235083,0.220095,-0.186036,-0.0958597,0.205476,-1.39763,-1.90725,-1.91939,-0.0140676,0.426218,1.83933,1.45059,
0.247784,0.222049,-0.189061,-0.124278,0.214005,-1.38887,-1.90394,-1.90796,0.0114869,0.432393,1.82534,1.4416,
0.260485,0.224002,-0.192087,-0.152696,0.222534,-1.3801,-1.88411,-1.87881,-0.00540481,0.479017,1.82653,1.486,
0.273186,0.225956,-0.195112,-0.181115,0.231063,-1.37134,-1.85974,-1.85328,-0.0132682,0.529245,1.81691,1.52746,
0.285888,0.22791,-0.198137,-0.209533,0.239592,-1.36257,-1.83524,-1.82539,-0.0240485,0.57881,1.80844,1.5699,
0.298589,0.229864,-0.201162,-0.237951,0.248121,-1.3538,-1.8092,-1.80299,-0.0214601,0.623673,1.78989,1.60546,
0.31129,0.231818,-0.204188,-0.266369,0.25665,-1.34504,-1.82845,-1.78493,0.00749826,0.587158,1.78638,1.54658,
0.323992,0.233771,-0.207213,-0.294788,0.265179,-1.33627,-1.80205,-1.75835,0.00519253,0.631079,1.76965,1.58149,
0.336693,0.235725,-0.210238,-0.323206,0.273708,-1.32751,-1.79906,-1.73272,0.0142075,0.634944,1.76073,1.56934,
0.352427,0.252131,-0.194631,-0.333636,0.28226,-1.34126,-1.78268,-1.80331,0.133404,0.635911,1.7423,1.58357,
0.371155,0.23865,-0.177033,-0.32318,0.278218,-1.32847,-1.81701,-1.87774,0.258098,0.618534,1.69439,1.51447,
0.395347,0.2378,-0.166015,-0.330837,0.264481,-1.34177,-1.79947,-1.8633,0.350789,0.628466,1.62735,1.44997,
0.410356,0.247997,-0.167466,-0.322715,0.282514,-1.36199,-1.76112,-1.90283,0.421814,0.669395,1.59914,1.49443,
0.425811,0.250969,-0.16854,-0.350304,0.291837,-1.35611,-1.75569,-1.87159,0.440712,0.67562,1.58197,1.47421,
0.441266,0.253942,-0.169615,-0.377893,0.30116,-1.35023,-1.78513,-1.83603,0.464193,0.653156,1.57234,1.41104,
0.456721,0.256914,-0.17069,-0.405481,0.310484,-1.34435,-1.81884,-1.80185,0.495002,0.632675,1.55491,1.34061,
0.474747,0.273551,-0.174552,-0.395956,0.316832,-1.32476,-1.82395,-1.91866,0.630253,0.652753,1.5169,1.34417,
0.49066,0.277042,-0.176296,-0.422796,0.327168,-1.31878,-1.86792,-1.87896,0.656941,0.642535,1.50015,1.27011,
0.500215,0.262356,-0.173691,-0.42324,0.348552,-1.2998,-1.90319,-1.91348,0.665308,0.673594,1.51204,1.2852,
0.526044,0.267823,-0.176308,-0.440737,0.357134,-1.30672,-1.863,-1.85503,0.696189,0.725496,1.46425,1.26746,
0.551873,0.27329,-0.178925,-0.458235,0.365716,-1.31363,-1.81605,-1.78611,0.718787,0.773658,1.41682,1.2463,
0.577702,0.278757,-0.181542,-0.475732,0.374298,-1.32054,-1.82159,-1.70629,0.745462,0.809163,1.37723,1.16962,
0.594744,0.274373,-0.187606,-0.491082,0.397737,-1.3203,-1.78568,-1.65404,0.723389,0.847831,1.36645,1.18905,
0.611548,0.280475,-0.183679,-0.507033,0.396997,-1.29704,-1.72866,-1.66968,0.777561,0.880201,1.32167,1.19962,
0.609186,0.291353,-0.176548,-0.517661,0.390623,-1.2687,-1.65591,-1.76967,0.841566,0.882077,1.2972,1.2761,
0.618014,0.289194,-0.163985,-0.522142,0.407944,-1.2448,-1.63515,-1.8881,0.911164,0.929781,1.29802,1.35203,
0.623982,0.290733,-0.16004,-0.553513,0.417626,-1.24466,-1.55494,-1.82652,0.882686,0.935395,1.26658,1.38199,
0.614504,0.301504,-0.161778,-0.570606,0.441124,-1.23581,-1.59073,-1.88807,0.854711,0.927181,1.32954,1.48074,
0.637914,0.307375,-0.162674,-0.591471,0.451509,-1.23803,-1.56242,-1.80719,0.87475,0.936233,1.28436,1.42067,
0.647532,0.325619,-0.154054,-0.583265,0.469801,-1.25319,-1.62297,-1.8754,0.95251,0.92825,1.31615,1.42331,
0.676843,0.32979,-0.13946,-0.584727,0.463546,-1.25405,-1.58866,-1.83705,1.05339,0.964474,1.23418,1.3185,
0.695025,0.334105,-0.139713,-0.60979,0.475445,-1.25052,-1.44935,-1.75886,1.05761,0.95683,1.13001,1.32303,
0.713207,0.33842,-0.139966,-0.634852,0.487343,-1.24698,-1.39999,-1.65858,1.03808,0.948815,1.07687,1.29088,
0.731389,0.342735,-0.140219,-0.659914,0.499242,-1.24345,-1.32473,-1.55759,1.0118,0.919894,1.00766,1.28083,
0.749571,0.34705,-0.140472,-0.684977,0.511141,-1.23992,-0.92083,-1.48837,0.99384,0.638281,0.743676,1.53945,
0.743159,0.352206,-0.142677,-0.697679,0.515437,-1.21027,-1.22155,-1.57258,1.01286,0.898425,0.950389,1.35943,
0.76023,0.362688,-0.146886,-0.687547,0.528705,-1.18944,-1.52222,-1.63034,1.09368,1.0811,1.12653,1.18441,
0.761009,0.36107,-0.141784,-0.677352,0.533202,-1.15817,-1.5277,-1.82772,1.18869,1.13391,1.14666,1.26503,
0.757662,0.377402,-0.142364,-0.703885,0.527655,-1.14728,-1.29093,-1.83814,1.20152,1.02842,0.9933,1.3646,
0.764795,0.381046,-0.140545,-0.724142,0.544122,-1.12773,-1.39304,-1.85827,1.19439,1.08882,1.0732,1.36495,
0.783242,0.386499,-0.141721,-0.749155,0.554712,-1.12301,-1.10115,-1.76617,1.1939,0.98873,0.843265,1.40446,
0.801689,0.391953,-0.142896,-0.774168,0.565303,-1.11829,-1.14164,-1.60532,1.13276,0.985739,0.842965,1.3324,
0.813419,0.406896,-0.144286,-0.798359,0.57535,-1.10921,-0.952424,-1.55542,1.12306,0.820251,0.699573,1.46352,
0.832218,0.414247,-0.147391,-0.82003,0.590988,-1.10874,-0.932281,-1.41264,1.054,0.72818,0.664531,1.49658,
0.847343,0.426308,-0.154506,-0.830367,0.58617,-1.08473,-0.760332,-1.34467,1.06152,0.414335,0.533357,1.72246,
0.866583,0.432654,-0.156302,-0.854901,0.595899,-1.08012,-0.995503,-1.20391,0.987653,0.696386,0.638368,1.39134,
0.883164,0.443162,-0.147975,-0.854667,0.59243,-1.05434,-1.06593,-1.20654,1.07116,0.88427,0.62083,1.18931,
0.907283,0.438527,-0.138421,-0.856625,0.608987,-1.04173,-1.02771,-1.15463,1.08476,0.936973,0.554404,1.13486,
0.921842,0.448502,-0.138668,-0.845998,0.606066,-1.0153,-0.98974,-1.15874,1.17345,1.07456,0.459529,0.983899,
0.935169,0.449239,-0.140775,-0.854749,0.618936,-0.988714,-0.99745,-1.19293,1.20904,1.23981,0.489185,0.863992,
0.956047,0.455622,-0.142311,-0.878016,0.629216,-0.986384,-1.15509,-1.06147,1.13581,1.35647,0.649176,0.716219,
0.940113,0.44558,-0.128621,-0.895322,0.632842,-0.969751,-0.905788,-1.17345,1.13905,1.00446,0.438343,1.12271,
0.959668,0.452669,-0.129081,-0.919132,0.643876,-0.966597,-1.21783,-1.08579,1.0931,1.34494,0.763876,0.797529,
0.979223,0.459758,-0.129541,-0.942942,0.65491,-0.963443,-1.40503,-0.971334,1.04466,1.47747,1.00955,0.679327,
0.989375,0.468092,-0.137005,-0.933167,0.655301,-0.935026,-1.44579,-0.999379,1.14638,1.61312,1.09423,0.55249,
1.00993,0.475068,-0.138198,-0.956331,0.665856,-0.931749,-1.52957,-0.856197,1.08564,1.65979,1.25437,0.50156,
0.999113,0.49331,-0.137222,-0.956639,0.66824,-0.905771,-1.48959,-0.998283,1.20267,1.68495,1.18965,0.518409,
1.02076,0.501047,-0.138279,-0.978724,0.678187,-0.901884,-1.49367,-0.861153,1.11922,1.68077,1.21347,0.485905,
1.04241,0.508784,-0.139337,-1.00081,0.688134,-0.897996,-1.43108,-0.756815,1.00895,1.61816,1.10692,0.503752,
1.04352,0.50852,-0.134488,-1.01396,0.688492,-0.867441,-1.45206,-0.792943,1.06529,1.68131,1.17741,0.474856,
1.03998,0.512741,-0.141159,-1.00314,0.695232,-0.837541,-1.42968,-0.911043,1.19752,1.77407,1.19762,0.428949,
1.05593,0.522592,-0.149696,-1.00857,0.709999,-0.816105,-1.27668,-0.916487,1.18262,1.77841,0.982438,0.409755,
1.07688,0.530331,-0.151108,-1.0308,0.720678,-0.81137,-1.24133,-0.810726,1.07208,1.70364,0.895069,0.44174,
1.09238,0.525899,-0.138867,-1.02528,0.711798,-0.786617,-1.28394,-0.735826,1.13569,1.84619,1.04287,0.262643,
1.08437,0.539509,-0.147594,-1.01442,0.727644,-0.765719,-1.0465,-0.890644,1.2216,1.93512,0.714823,0.227152,
1.09209,0.534279,-0.145898,-1.02521,0.725857,-0.735357,-0.898821,-0.869885,1.19774,2.02206,0.511267,0.120359,
1.11513,0.544324,-0.15125,-1.0263,0.732784,-0.714811,-0.91447,-0.776082,1.19598,2.14566,0.577458,-0.0329703,
1.14379,0.550742,-0.144003,-1.02057,0.727428,-0.702366,-0.996544,-0.598931,1.17919,2.21278,0.7534,-0.1717,
1.16541,0.558601,-0.145219,-1.04218,0.73807,-0.697842,-0.995484,-0.527368,1.06698,2.11813,0.642446,-0.100595,
1.17293,0.580091,-0.153797,-1.05543,0.739608,-0.678823,-1.00517,-0.491569,1.06478,2.14091,0.665856,-0.135005,
1.19263,0.59073,-0.151018,-1.05161,0.74972,-0.656337,-0.965499,-0.423968,1.08103,2.28584,0.696841,-0.277886,
1.18303,0.598373,-0.141342,-1.07255,0.750421,-0.635159,-0.978786,-0.479003,1.13915,2.27595,0.778289,-0.237333,
1.17727,0.612304,-0.145256,-1.08761,0.763182,-0.612818,-0.953841,-0.552474,1.20207,2.31055,0.81655,-0.225384,
1.17747,0.610565,-0.148093,-1.10069,0.761569,-0.582046,-0.898395,-0.576255,1.21928,2.38689,0.777297,-0.298228,
1.18149,0.619085,-0.137512,-1.11886,0.757753,-0.557842,-0.83556,-0.547025,1.19539,2.48925,0.669648,-0.39757,
1.19448,0.633365,-0.121444,-1.1187,0.747961,-0.537727,-0.803992,-0.420978,1.18584,2.6438,0.686102,-0.570487,
1.21558,0.642181,-0.122089,-1.14027,0.75793,-0.531134,-0.929505,-0.370338,1.13381,2.40485,0.811137,-0.37443,
1.23667,0.650996,-0.122734,-1.16184,0.767899,-0.52454,-0.984263,-0.318138,1.04866,2.27898,0.810481,-0.270771,
1.24714,0.642653,-0.12439,-1.15109,0.781381,-0.499,-0.9348,-0.31742,1.11165,2.39614,0.910374,-0.371215,
1.24087,0.653841,-0.131168,-1.15998,0.787302,-0.470591,-0.851551,-0.357735,1.16122,2.52658,0.873811,-0.465994,
1.24348,0.670042,-0.138786,-1.16101,0.802965,-0.446974,-0.74657,-0.363122,1.19462,2.6983,0.856264,-0.585412,
1.26047,0.671451,-0.133214,-1.1546,0.803537,-0.419251,-0.708792,-0.252002,1.19648,2.78882,0.968535,-0.683987,
1.28127,0.680671,-0.134167,-1.17588,0.814004,-0.412137,-0.827317,-0.216216,1.14785,2.58485,1.04448,-0.535015,
1.28301,0.681903,-0.136964,-1.17586,0.812098,-0.378738,-0.755226,-0.168204,1.1782,2.70661,1.10639,-0.653487,
1.28817,0.683185,-0.136906,-1.18634,0.811652,-0.347223,-0.765509,-0.101921,1.19816,2.6799,1.25708,-0.670396,
1.30815,0.691829,-0.138416,-1.20844,0.822354,-0.339977,-0.878027,-0.0635379,1.14065,2.50392,1.32564,-0.564118,
1.3121,0.700713,-0.132058,-1.22423,0.830013,-0.313742,-0.884677,-0.0162481,1.15481,2.47689,1.44102,-0.570224,
1.30579,0.712893,-0.128367,-1.24307,0.845165,-0.295165,-0.766025,-0.149576,1.18128,2.63038,1.22959,-0.58976,
1.30625,0.707733,-0.123605,-1.25452,0.850194,-0.264739,-0.747758,-0.112909,1.20977,2.63055,1.35095,-0.620233,
1.31117,0.711833,-0.125561,-1.268,0.855114,-0.235066,-0.65854,-0.14683,1.19737,2.76159,1.21986,-0.69748,
1.31029,0.7238,-0.12229,-1.29358,0.869272,-0.224007,-0.643588,-0.231539,1.18849,2.7624,1.10527,-0.65783,
1.33002,0.733201,-0.123596,-1.31598,0.880702,-0.219574,-0.779871,-0.200665,1.13507,2.54789,1.17742,-0.505069,
1.34974,0.742602,-0.124903,-1.33839,0.892132,-0.215141,-0.891101,-0.141741,1.0619,2.38264,1.26901,-0.386393,
1.34489,0.747553,-0.125134,-1.33101,0.904402,-0.185505,-0.757143,-0.155048,1.13268,2.55587,1.2635,-0.519888,
1.33569,0.738978,-0.123978,-1.32929,0.923722,-0.161097,-0.633001,-0.172491,1.19387,2.67936,1.32609,-0.607043,
1.33854,0.747963,-0.126275,-1.31692,0.917404,-0.132039,-0.563988,-0.026098,1.21024,2.77042,1.48386,-0.726569,
1.35964,0.759376,-0.130529,-1.33718,0.922384,-0.121913,-0.670361,-0.0241532,1.15583,2.64119,1.44324,-0.655127,
1.37561,0.75722,-0.138603,-1.35892,0.921759,-0.10366,-0.703927,-0.0635674,1.09808,2.61214,1.29629,-0.638722,
1.37288,0.774688,-0.148261,-1.38497,0.919947,-0.0970438,-0.764557,-0.0926188,1.07667,2.52886,1.25769,-0.572697,
1.39565,0.781462,-0.144308,-1.392,0.937798,-0.0835034,-0.806473,-0.0243112,1.03533,2.44955,1.35356,-0.530109,
1.40658,0.803965,-0.150933,-1.39184,0.944607,-0.0631213,-0.784984,0.0376814,1.02998,2.48217,1.39336,-0.576179,
1.41498,0.798365,-0.159193,-1.39361,0.939353,-0.0326163,-0.733561,0.0617996,1.02119,2.56927,1.33971,-0.676358,
1.4241,0.811076,-0.16289,-1.39164,0.955786,-0.00813927,-0.619767,0.0493394,1.0213,2.74235,1.23708,-0.769873,
1.44465,0.820903,-0.16524,-1.41303,0.968007,-0.00791759,-0.650312,0.00688215,0.935679,2.70594,1.04276,-0.721886,
1.46532,0.830639,-0.167667,-1.43437,0.98016,-0.00854258,-0.676389,-0.00890533,0.834621,2.65058,0.856274,-0.666199,
1.486,0.840374,-0.170093,-1.4557,0.992313,-0.00916758,-0.734683,0.0116261,0.740501,2.49658,0.801794,-0.532303,
1.50667,0.85011,-0.17252,-1.47704,1.00447,-0.00979257,-0.819769,0.0604877,0.652242,2.29754,0.886693,-0.353075,
1.52735,0.859845,-0.174947,-1.49838,1.01662,-0.0104176,-0.858065,0.104079,0.536647,2.16385,0.861748,-0.219928,
1.54802,0.869581,-0.177374,-1.51972,1.02877,-0.0110426,-0.920889,0.172251,0.423842,2.03032,0.961789,-0.0807337,
1.56869,0.879317,-0.1798,-1.54106,1.04092,-0.0116676,-0.970338,0.257079,0.29158,1.93409,1.06318,0.0395634,
1.5707,0.8726,-0.1745,-1.5707,1.0472,0,-1.00502,0.287938,0.220546,1.87918,1.14987,0.110796,
